3 0.8667717049572848 0.9284343523788404 0.23934669236879244 0.1431312952423191
3 0.7620081128300783 0.8706003950147005 0.35061938311602725 0.1616222569753841
3 0.41106895008602085 0.75309882462031 0.3261023985373027 0.27601792572613953
3 0.2372144387219351 0.6690805834488165 0.1834433400953163 0.3234091919066987
3 0.6457826895327139 0.5789666790254976 0.26555463636243815 0.20258986175724
3 0.3755361935899038 0.3674147396950391 0.38063416558343127 0.18349253895983395
3 0.7482610328777364 0.716532278654873 0.29017280681713337 0.18334246763888196
3 0.7964526655867266 0.4218297262639451 0.2582330600635441 0.22989373491922685
3 0.06725390949764662 0.39480802885831656 0.13450781899529324 0.26774105771663315
3 0.20622531169169256 0.5163309880453602 0.3484762305182394 0.21754380624017883
3 0.27415887987291165 0.4358105661684715 0.27669095941492106 0.12577866469806107
3 0.504105073052483 0.1312519064194474 0.354289853895034 0.19320070771058942
3 0.38071542817192355 0.9490731704004345 0.2363659683433748 0.10185365919913103
3 0.1823919399364558 0.2226678187447117 0.27669095941492106 0.12577866469806107
3 0.8083235998411397 0.5937023672561701 0.24280688311602744 0.15029070661080332
3 0.5703836745184756 0.8629827874833798 0.24011825973923262 0.17496225587559805
3 0.5130836432688876 0.9172269242496853 0.2330773271096728 0.12899285440518754
3 0.880599794645564 0.4885925087982878 0.22685460064862326 0.12989845293477736
3 0.7656271797901861 0.2597051308604888 0.2833500624991762 0.1498730661684715