3 0.1265625 0.11796875 0.19375 0.2359375
3 0.2109375 0.22421875 0.090625 0.34140625
3 0.29140625 0.5765625 0.20625 0.3015625
3 0.35703125 0.7515625 0.2921875 0.15390625
3 0.48984375 0.3453125 0.1625 0.25703125
3 0.67265625 0.61875 0.11875 0.37109375
3 0.36328125 0.240625 0.1328125 0.278125
3 0.6625 0.19765625 0.1734375 0.23671875
3 0.61328125 0.93203125 0.24921875 0.1359375
3 0.50625 0.78515625 0.16875 0.33984375
3 0.59375 0.71875 0.09375 0.27421875
3 0.93125 0.4953125 0.13671875 0.340625
3 0.07421875 0.603125 0.08359375 0.22890625
3 0.796875 0.8140625 0.07109375 0.271875
3 0.4921875 0.1828125 0.1125 0.23671875
3 0.1984375 0.415625 0.12421875 0.2265625
3 0.13828125 0.471875 0.1 0.22734375
3 0.60546875 0.11171875 0.0984375 0.2234375
3 0.82109375 0.23125 0.11640625 0.28203125