7 0.19765625 0.58515625 0.12734375 0.221875
3 0.371875 0.9046875 0.09140625 0.190625
3 0.85703125 0.85703125 0.17109375 0.1671875
3 0.87265625 0.7546875 0.15234375 0.15703125
3 0.12109375 0.8703125 0.18671875 0.10703125
3 0.2015625 0.9125 0.17734375 0.1484375
3 0.446875 0.9140625 0.07734375 0.171875
3 0.546875 0.42109375 0.1015625 0.103125
3 0.08359375 0.59765625 0.146875 0.0953125
3 0.453125 0.59609375 0.12421875 0.15703125
3 0.04375 0.39296875 0.0875 0.12265625
3 0.25078125 0.41328125 0.1015625 0.13203125
3 0.1265625 0.3546875 0.0875 0.10078125
6 0.79765625 0.52421875 0.4046875 0.47265625
6 0.665625 0.83359375 0.16875 0.22890625
6 0.521875 0.1453125 0.125 0.11484375
6 0.80625 0.31015625 0.1453125 0.184375
6 0.51640625 0.6140625 0.0875 0.1578125
6 0.3671875 0.39375 0.0625 0.1140625
3 0.9703125 0.30390625 0.05859375 0.14375
3 0.08359375 0.66875 0.09375 0.19375
3 0.05 0.328125 0.1 0.0921875