7 0.8071708940563156 0.4662602737449264 0.1542897000318167 0.2440875663159842
3 0.6300425833465904 0.13795839373385177 0.11633516669318063 0.20262195712440043
3 0.14463234201940817 0.15213060379291288 0.18172380935708982 0.1865148982096719
3 0.13019821936663484 0.25347305829641964 0.16602608402290805 0.17926360271317873
3 0.880415300684272 0.18601037167774315 0.1935692813494537 0.1310659346068665
3 0.7994556546785448 0.1386661998708031 0.18306813335454458 0.16786502775932122
3 0.5549334953453176 0.12377717535068436 0.1036169906906352 0.18307092072720588
3 0.4598611840785873 0.6079438193983032 0.11066587468172653 0.11794656847545255
3 0.921087943387952 0.46106973086932684 0.15274428668045417 0.11127506631598419
3 0.5515748747214975 0.4389515923772624 0.13944540268936265 0.17599890036914018
3 0.9586323020369074 0.6690417196105598 0.08273539592618526 0.13383238433001132
3 0.7560458407463144 0.6347308690568495 0.1172795013526354 0.14959708667404978
3 0.8809463907542687 0.7012849182539705 0.09182496801399935 0.10893251387966067
6 0.21335780673136068 0.4898797301033597 0.42133393873326963 0.5172594602067194
6 0.3363113120225899 0.18783397362495471 0.20289083203372565 0.26125408235511316
6 0.4880701894493583 0.8853271421926923 0.14215223201781732 0.14026165946843888
6 0.20177705876031388 0.7022598141565158 0.16793402936027152 0.20905123226282818
6 0.4880845393857249 0.41692759561646486 0.11133858402290801 0.17575906847545256
6 0.6398668574156325 0.646802467607975 0.06693405601527207 0.1167054410852714
3 0.04169353409449565 0.6982465353174604 0.06891472668681725 0.15274307063492074
3 0.9202606927116342 0.38997598086932683 0.11955107336090762 0.21063471622369914
3 0.9512652447087708 0.7326035718623133 0.09746951058245834 0.1098336798265045