3 0.37714883636823104 0.17133917483495392 0.30117267273646203 0.34267834966990784
3 0.8066283655311837 0.48082927539981635 0.3706955625490476 0.4205037384546289
3 0.8608251543940619 0.5541307828926868 0.278349691211876 0.43948889283722165
3 0.1597008558977653 0.777882409283565 0.2856673446815012 0.4442351814328699
3 0.2994941639609734 0.4139778597546765 0.4434511009497074 0.4034911871823139
3 0.10386444906292788 0.1328125 0.20772889812585577 0.265625
3 0.8384547462390763 0.15406632606000065 0.3230905075218473 0.3081326521200013
4 0.7568339878592991 0.19617060287393664 0.10724551332783516 0.20419806738935167
3 0.5965139164682558 0.3660613122520382 0.26816159593514255 0.431793970028518
3 0.37079146859246215 0.7108535682843062 0.3721336935861446 0.5234920374178695
5 0.6082687365391509 0.6892937606968992 0.19439382383181858 0.30689242337435163