4 0.83671875 0.46640625 0.14453125 0.121875
4 0.5921875 0.87109375 0.17421875 0.190625
4 0.1234375 0.446875 0.1484375 0.12421875
4 0.25703125 0.48046875 0.11484375 0.13125
4 0.35 0.4203125 0.11640625 0.13671875
4 0.37421875 0.50546875 0.12734375 0.12578125
4 0.47734375 0.4390625 0.1296875 0.13203125
4 0.45625 0.22265625 0.13828125 0.11015625
4 0.76640625 0.203125 0.14296875 0.14140625
4 0.72734375 0.2984375 0.1296875 0.1328125
4 0.2609375 0.77109375 0.0171875 0.03125
4 0.35234375 0.8515625 0.1671875 0.1328125
4 0.81953125 0.5609375 0.0921875 0.12578125
4 0.63125 0.4328125 0.17734375 0.1375
4 0.6015625 0.58984375 0.13671875 0.16484375
4 0.41328125 0.915625 0.16796875 0.1453125
4 0.534375 0.1375 0.09609375 0.1171875
4 0.82421875 0.33984375 0.1203125 0.1375
4 0.446875 0.58984375 0.1609375 0.15625
4 0.46875 0.7359375 0.13125 0.1234375
4 0.5765625 0.69140625 0.08671875 0.14609375
4 0.0609375 0.5890625 0.10234375 0.18125
4 0.24765625 0.3203125 0.11484375 0.13984375
4 0.25625 0.215625 0.13125 0.134375
4 0.340625 0.19140625 0.11015625 0.16875
4 0.44375 0.1640625 0.15078125 0.2015625