4 0.7648901267551255 0.5969965056222992 0.18007777735075728 0.15438261452679142
4 0.5748350507534343 0.1737795354917861 0.22505958423078526 0.224293295440541
4 0.06718809597013051 0.5624785344428789 0.13437619194026101 0.14285311867597628
4 0.18709562121838716 0.5390079134918174 0.13882177919633665 0.14661673610255282
4 0.2719665615699899 0.6062089141165174 0.14435061006889738 0.1532219336130419
4 0.3076484447086302 0.5228878512540442 0.15778211191447689 0.149600026144509
4 0.40183430418767213 0.5971084464848039 0.16352127550517787 0.15776772365499808
4 0.351609472725256 0.8119163076876031 0.1524336229879534 0.12135662697434597
4 0.6591365637485036 0.8549497929649632 0.17884577181401884 0.16820831618646537
4 0.6329043595550552 0.7566773137108876 0.16195877550517784 0.15764932448483507
4 0.23012375679246233 0.24867891141722503 0.02316698708094389 0.03423329004195637
4 0.33236214177668205 0.1751365128717619 0.18924244463261708 0.15353050954776962
4 0.7604277562026068 0.5011628647505061 0.1227761137600563 0.1423077444009227
4 0.5548992233151114 0.6150207647458616 0.2152039372502994 0.17405649710021506
4 0.5463501614882004 0.45573993051276424 0.17022193171356098 0.18456702199532415
4 0.4019232832204298 0.11569158050811985 0.2046871026865796 0.17635270290907382
4 0.41827133958661566 0.9029925161957543 0.12307661745121515 0.13305114357108536
4 0.7353531765857702 0.7226118122609951 0.14215711191447689 0.14841603444287887
4 0.3916626614882004 0.44401841266662484 0.20522792986798155 0.19185930373891083
4 0.43320377063430804 0.2995822510489072 0.15474728288749554 0.13854412697434615
4 0.5350217881673126 0.35228304379015585 0.11018594278703767 0.15217965186945542
4 0.038026229108770813 0.4155550676363579 0.07605245821754163 0.19626153859206372
4 0.1561615176090178 0.6984537684708393 0.13611744463261705 0.14950493776222692
4 0.15066297549362512 0.803792463906736 0.16706694094145816 0.16112952199532415
4 0.2317778183624522 0.8344047690955392 0.14564259714984135 0.18579763527271603
4 0.3312219957949989 0.8695628643262989 0.1977759151033461 0.2284121103776066