4 0.4484375 0.9328125 0.11875 0.134375
4 0.52890625 0.85625 0.09453125 0.1234375
4 0.35625 0.746875 0.08203125 0.09453125
4 0.9046875 0.40625 0.08984375 0.12109375
4 0.45859375 0.19453125 0.08359375 0.09609375
4 0.0390625 0.1609375 0.059375 0.08515625
4 0.1296875 0.09296875 0.0703125 0.08359375
4 0.18046875 0.146875 0.0609375 0.09453125
4 0.3734375 0.1375 0.0765625 0.10703125
4 0.434375 0.09140625 0.07109375 0.0984375
4 0.48203125 0.0421875 0.059375 0.0703125
4 0.06953125 0.665625 0.0734375 0.1125
4 0.109375 0.55546875 0.0890625 0.11484375
4 0.06328125 0.4765625 0.06484375 0.0953125
4 0.26484375 0.3359375 0.0703125 0.0875
4 0.4734375 0.36328125 0.0671875 0.0953125
4 0.54921875 0.3296875 0.0640625 0.0890625
4 0.6578125 0.55546875 0.0859375 0.1328125
4 0.66015625 0.23203125 0.08828125 0.09765625
4 0.59375 0.275 0.0578125 0.08203125
4 0.11328125 0.19609375 0.06484375 0.08515625
4 0.06328125 0.26328125 0.0703125 0.09140625
4 0.928125 0.78046875 0.09296875 0.11171875
4 0.9734375 0.92109375 0.053125 0.1421875
4 0.35703125 0.45390625 0.071875 0.09609375
4 0.8328125 0.47265625 0.05390625 0.08359375
4 0.934375 0.1359375 0.09765625 0.090625