7 0.7788203515625 0.3731949390625 0.7783497109375 0.390041646875 0.7787978328125 0.3900520765625 0.8847102874999999 0.23156021249999997 0.8847193921875001 0.22999542343749999 0.86045255625 0.2294306078125 0.8416163984375 0.2310894265625 0.754367990625 0.36947034375 0.7788203515625 0.3731949390625
3 0.6797973796875 0.49557491562499995 0.5782788156249999 0.5242319531249999 0.5782366140625 0.5314857765625 0.5821952718750001 0.5558116640625 0.5829349203125 0.5558288796874999 0.69008888125 0.5140125624999999 0.701690340625 0.4969498453125 0.7017306296875 0.4960854171875 0.6797973796875 0.49557491562499995
3 0.7551258515625 0.8536264453125 0.8065756578125001 0.8548239531249999 0.8452387703124999 0.838169796875 0.8452488656250001 0.8364345421875001 0.7214247609375 0.815336965625 0.7210635421875 0.8153285578125 0.7168369203125 0.8467468734375 0.7551258515625 0.8536264453125
3 0.6708943515625 0.2969033234375 0.699969221875 0.2901902046875 0.7000678953125 0.2732298546875 0.697622134375 0.2597265234375 0.61490023125 0.25653018906249997 0.6666671531249999 0.296804934375 0.6708943515625 0.2969033234375
7 0.959207290625 0.42863080781249996 0.9665636296875 0.4288020296875 0.9820234781250001 0.0463939859375 0.9214764296875 0.089965259375 0.9195396296875 0.42287298125 0.959207290625 0.42863080781249996
3 0.886617 0.623842909375 0.9038453875 0.605929728125 0.890390971875 0.604371453125 0.8251426546875 0.5110727125000001 0.7998166328125 0.5301577125 0.87731225625 0.6236263390625 0.886617 0.623842909375
7 0.9932348718749999 0.69039564375 0.9946432765625 0.675410378125 0.9947228046875001 0.6617406859375 0.9403867328125 0.645910221875 0.9316695828125001 0.6593264765625 0.9931937796874999 0.6903946859375 0.9932348718749999 0.69039564375
3 0.58282403125 0.14425010625 0.48763751875 0.1416442125 0.517628434375 0.1634608625 0.5850859125000001 0.160013340625 0.5851211484375 0.1539567703125 0.58282403125 0.14425010625
2 0.0936505703125 0.5564870843749999 0.0935665359375 0.5709314390625 0.126394821875 0.5748943109375 0.16087077968750002 0.575696746875 0.184629121875 0.497826209375 0.184640921875 0.49579795625 0.111473075 0.5071311609375 0.0936505703125 0.5564870843749999
7 0.88521889375 0.06279691093749999 0.8921421046875 0.0285686578125 0.8921615015625 0.0252347125 0.8732495 0.0232498140625 0.8429387765625 0.024098279687499998 0.834456728125 0.0616154078125 0.88521889375 0.06279691093749999
2 0.69762940625 0.42376309687499997 0.6975576484375 0.4360972484375 0.7785800171874999 0.449430046875 0.7953932140625 0.44982137812499995 0.80629954375 0.42315968281250005 0.8066608390625 0.4175274796875 0.6989083765624999 0.399293821875 0.69762940625 0.42376309687499997