7 0.30343373281249997 0.6428947703125 0.30182698124999996 0.6428105640624999 0.20633942031250002 0.7832982109375 0.206484909375 0.7844287125 0.2520805734375 0.7881094156249999 0.3293507625 0.6657450015624999 0.3042409640625 0.6579342421875001 0.30343373281249997 0.6428947703125
3 0.45329064218750004 0.4629610859375 0.45244104687500003 0.462916559375 0.376674721875 0.5310205703124999 0.37493505312500003 0.549756825 0.37502102812500004 0.5504248828125 0.38784554843749997 0.5510969875 0.473727203125 0.4910345921875 0.45329064218750004 0.4629610859375
3 0.29637049375 0.1722802390625 0.22290668593750002 0.175786821875 0.17915789375 0.2103096546875 0.17932883125000001 0.21163789843749997 0.3022330265625 0.2045965609375 0.29836701250000003 0.1723848734375 0.29637049375 0.1722802390625
3 0.39673024687499997 0.7619819609375 0.47945895156249996 0.7836698281250001 0.47944939218749993 0.7834898984375 0.435396659375 0.7351685406249999 0.3961852640625 0.733113559375 0.39673024687499997 0.7619819609375
7 0.08761652812500001 0.6005450375 0.078907125 0.6010767328125 0.0981191609375 0.7503609953125 0.1844763203125 0.982335109375 0.22398145625 0.9259264015625 0.0991574109375 0.60114986875 0.08761652812500001 0.6005450375
3 0.24717676093750002 0.5126856171874999 0.26457571562500004 0.4881389359375 0.26441776093749997 0.486911571875 0.16177394843749998 0.4152297671875 0.1582224375 0.41516738125 0.1452602828125 0.44171520312499996 0.1583061515625 0.43960431250000004 0.24696832500000002 0.5126746921875001 0.24717676093750002 0.5126856171874999
7 0.047528965625 0.35725744531250003 0.10327316718749999 0.3787132609375 0.10973986250000001 0.3664471125 0.109700546875 0.366259384375 0.048512771875 0.331558303125 0.04419249375 0.33133188750000003 0.047528965625 0.35725744531250003
3 0.6193868874999999 0.9132523109375 0.5982119453125 0.8825660046875001 0.5382739359375 0.8638900968750001 0.5320754921875 0.863963065625 0.530701975 0.8779122203125 0.6193868874999999 0.9132523109375
2 0.9584648109374999 0.4773405046875 0.890988534375 0.4774892390625 0.880920971875 0.556762475 0.8982078687499999 0.5576684421875 0.950323209375 0.5426107578125 0.9599491140625 0.48887406093749997 0.9584648109374999 0.4773405046875
7 0.28664338749999996 1 0.2873582828125 0.9787088875000001 0.28536286093749996 0.9632037640625001 0.2654452734375 0.9621599281250001 0.2380980984375 0.961489446875 0.23768107343749997 1 0.28664338749999996 1
2 0.3779856453125 0.6216981406250001 0.374775015625 0.596750421875 0.278530015625 0.5821986906250001 0.26975555 0.6108521890625 0.269932075 0.614174721875 0.27026834375000003 0.6167876484375 0.3785536375 0.6336508125 0.3779856453125 0.6216981406250001