7 0.3620318546875 0.7897977 0.3620318546875 0.7650902609375 0.21202357656249998 0.8312757171875 0.2010578078125 0.8762734218749999 0.379470753125 0.791856521875 0.3620318546875 0.7897977
3 0.5471520109375 0.59007990625 0.5159688265625 0.5812757171875 0.47739655000000003 0.6950861328125 0.4814209015625 0.7033218890625 0.500201290625 0.693027128125 0.5471520109375 0.59007990625
3 0.8098496624999999 0.723251021875 0.79532029375 0.8495070671875 0.8342224343750001 0.8000923671875 0.8422711375 0.7239113109375 0.8098496624999999 0.723251021875
3 0.282886325 0.6600840265625 0.2321524015625 0.6213991734375 0.25337437500000004 0.7012629734375 0.282886325 0.69714505 0.282886325 0.6600840265625
7 0.396909525 0.91333444375 0.06709604062499999 0.9362139890625001 0.0253278484375 1 0.40764120937500004 0.9689259828125 0.396909525 0.91333444375
3 0.5256887640625 0.7959745390624999 0.498859796875 0.81450505 0.5662908875 0.902263371875 0.5632494171875 0.9153932671874999 0.592761365625 0.900980771875 0.5256887640625 0.7959745390624999
7 0.6226515984375001 0.9454732437500001 0.6410535796875 1 0.6692240359375 0.99569215 0.6356877359374999 0.9359827890625001 0.6226515984375001 0.9454732437500001
3 0.11943098593749998 0.49176954375 0.1433754015625 0.5839030671875001 0.1594728078125 0.5839030671875001 0.147399753125 0.51595785625 0.11943098593749998 0.49176954375
2 0.497852884375 0.12448559374999998 0.50154265625 0.19888015 0.5780053296875 0.1577013 0.5552007140625 0.0897560890625 0.497852884375 0.12448559374999998
7 0.0006709203125 0.8960905328125 0.0454496046875 0.8824502609374999 0.038742271875 0.8330355609375 0.0011817421874999999 0.8453892390625001 0.0006709203125 0.8960905328125
2 0.38751945625 0.8083282171875 0.42373861562500004 0.802151378125 0.4277629671875 0.7033218890625 0.39154380781250003 0.69714505 0.38751945625 0.8083282171875