3 0.4379220181335028 0.3415816073206795 0.08734735253201382 0.1122725133110607
3 0.7073552866199414 0.2983580944252108 0.09123121572854594 0.07223097587345002
3 0.34214678654935426 0.3380796204239442 0.09103379465362363 0.09552261023285266
3 0.9744070077513335 0.4385824658891447 0.051185984497332984 0.10016808818628213
3 0.8402566048099139 0.5524126331106072 0.058949336746998426 0.10495943178030878
3 0.5811014126883043 0.5453135039511532 0.09361276308359248 0.08643934151404728
3 0.31394546281536123 0.38750605761199775 0.08498121572854575 0.0716475133110607
3 0.13798626244830792 0.7549186212561378 0.09012374203690507 0.07989761023285276
3 0.4921284599021766 0.6986239685935219 0.10756884727034191 0.11260626663882575
3 0.5103632494353028 0.6381660875618843 0.12516514192396572 0.2012731917636046
3 0.3697844810900383 0.5457882768299175 0.09121580517696729 0.09864761023285276
3 0.2423867941595134 0.626358447379145 0.07742632096198285 0.10202231946747667
3 0.39947271011393815 0.4685285709230585 0.08258425782192055 0.08385578202986607
5 0.22581467321164803 0.5152540707152624 0.09423438936371689 0.12379347587345002
5 0.808848439137838 0.4267142156813487 0.09673776308359265 0.08673107279524199
5 0.42186219155691235 0.6128101116884344 0.06465330517696728 0.09616789434269819