3 0.45031277962162264 0.2876661140729998 0.08507761330958896 0.10418155771188112
3 0.7169285106120548 0.2093674661651 0.09042156798575327 0.06388393992586625
3 0.3547616703382928 0.29649053176634743 0.09649233187624864 0.09368056733052796
3 0.9797276096572392 0.3147444138106965 0.04054478068552179 0.09933036660488845
3 0.8597872624526868 0.44818937478795495 0.05992257310482607 0.10174603847458741
3 0.6013364547050788 0.47446173122604246 0.0971245906476712 0.08436013103285873
3 0.32870551719785024 0.34992555581296453 0.08604414839527923 0.06684524881887359
3 0.1685629477742884 0.7427926460089832 0.09665947003338245 0.07967263103285874
3 0.5190231360004212 0.6403992444728864 0.10492499269530028 0.10020338584218216
3 0.5346965278099048 0.5771353526402544 0.1298524049810748 0.19449902286549073
3 0.3908519773669966 0.5021948947430388 0.09492983187624864 0.09362600362819702
3 0.2672643695503896 0.5998015594411615 0.0813324524905374 0.09782243030721922
3 0.4172424068217069 0.42052574329176 0.08228688962385658 0.0760565577118811
5 0.2461777851146046 0.4899999735063122 0.10240805556198103 0.12191469473518968
5 0.8233203362764172 0.32559761217408323 0.09650442982861947 0.07811013103285873
5 0.4454910855575129 0.5630034199707824 0.0733649122857745 0.09598711179556503