3 0.6009373765625 0.8350943828125 0.6524897875 0.8906859171875 0.715758703125 0.9483364609375 0.79425905625 0.86391975 0.7790276140625 0.7877386937499999 0.7192736421875 0.693027128125 0.666549546875 0.6291998390625 0.6173403921875 0.618905078125 0.591564240625 0.59007990625 0.564931984375 0.5997942328125 0.5505565375 0.6497892671875001 0.57867605625 0.65596610625 0.5728178578125 0.7362649890624999 0.6009373765625 0.8350943828125
3 0.4064440125 0.45830731093750005 0.3232571453125 0.3347705671875 0.276391246875 0.2771201171875 0.24007027500000003 0.28947379375 0.27287630625000003 0.386244271875 0.3504453453125 0.49794238281250003 0.3525483453125 0.4994862609375 0.38652605625 0.5097810171875 0.4064440125 0.45830731093750005
3 0.9301700187499999 0.8103870328125 0.88330423125 0.77126709375 0.786450971875 0.7633744828125 0.79425905625 0.85362489375 0.8961924140624999 0.85362489375 0.9301700187499999 0.8103870328125
3 0.7907441171875 0.46242523281250003 0.8282367687500001 0.48507367187500006 0.903222290625 0.49742734375 0.9676627812499999 0.51389885 0.9569854296875 0.44547324374999997 0.8258935125000001 0.40889261718750003 0.8106620734375 0.43154105 0.7837142375 0.4233053 0.7907441171875 0.46242523281250003
3 0.09712932656249999 0.345065328125 0.155711725 0.21329283281250003 0.14048028125 0.1721138890625 0.152196784375 0.1309349390625 0.1346220859375 0.1309349390625 0.12524884218750001 0.1556422890625 0.0947860671875 0.1577013 0.0937646140625 0.1676954671875 0.038547034375 0.29770954375 0.0350320953125 0.3347705671875 0.06666655 0.34712424375 0.09712932656249999 0.345065328125
3 0.0033976359375 0.36565475625 0 0.426954728125 0.1182189625 0.4500715609375 0.1311071453125 0.41095162187499995 0.1533683609375 0.40065686093749997 0.0033976359375 0.36565475625
3 0.582190996875 0.4130105390625 0.47908617031249995 0.35741900625 0.4752695375 0.35905349375 0.47557123125 0.4253642109375 0.5329818421875 0.45213047812499996 0.5599297812499999 0.46448415 0.582190996875 0.4130105390625
3 0.80597555625 0.320357978125 0.7038208734375 0.3034979390625 0.7028706265625 0.3512421671875 0.8106620734375 0.36565475625 0.8528413484374999 0.34918325 0.80597555625 0.320357978125
3 0.4275336515625 0.046518228125 0.3908813515625 0.0380658390625 0.356063284375 0.1062275890625 0.35723485781250003 0.14946545 0.4005858171875 0.16387813281250002 0.4275336515625 0.046518228125
3 0.6264650375 0.25720164375 0.5575864171875 0.19270331093749998 0.5294669015625 0.19270331093749998 0.5154071421875 0.23594117187500002 0.60796725625 0.287414878125 0.6264650375 0.25720164375
3 0.6770943671875 0.21535174375000002 0.6876391828124999 0.186526478125 0.6934974875 0.145347621875 0.6419449687500001 0.0629897328125 0.611482196875 0.050636056250000006 0.6032806328125 0.11652235 0.6606913515625 0.1906444 0.6770943671875 0.21535174375000002
3 0.432220271875 0.5921388171874999 0.4544815953125 0.56331354375 0.41698883281250004 0.5324293609375 0.3490334046875 0.48713258281250005 0.29418655625 0.47633744375 0.2927943703125 0.52419360625 0.3127123265625 0.5283115328125 0.432220271875 0.5921388171874999
3 0.6817809875 0.6230230062500001 0.596250753125 0.4500715609375 0.5684481578125 0.457818928125 0.5599297812499999 0.5077220109375 0.596250753125 0.58802089375 0.6489748484375 0.6291998390625 0.6817809875 0.6230230062500001
3 0.920796990625 0.6456714390625 0.9371998984375001 0.5839030671875001 0.893849046875 0.57978514375 0.8387815890624999 0.610669328125 0.8012889359375001 0.6333177609375 0.7196436578125 0.6522633718749999 0.755594721875 0.7239113109375 0.879789290625 0.7012629718750001 0.920796990625 0.6456714390625
3 0.7169303828125 0.27300219375 0.6911541234375 0.2441770171875 0.6264650375 0.2973251 0.6278852125000001 0.34094740625000003 0.6595196671875 0.36565475625 0.7169303828125 0.27300219375
3 0.6735794265624999 0.41095162187499995 0.67943773125 0.4397768 0.6583480921875 0.51595785625 0.6774495671875 0.58744855625 0.7122437625 0.577726228125 0.7005273671875 0.46036632187500004 0.6735794265624999 0.41095162187499995
3 0.4685413515625 0.0691665671875 0.44276509218750004 0.0732844890625 0.4275336515625 0.112404428125 0.41549457343749996 0.176954728125 0.4415934109375 0.21329283281250003 0.4673696703125 0.1309349390625 0.4685413515625 0.0691665671875
3 0.8376100125000001 0.33271165625 0.893849046875 0.320357978125 0.92548350625 0.31418114375 0.9112751640625 0.278806578125 0.8504980921874999 0.26476644375 0.78137098125 0.27506120625 0.7790276140625 0.310063221875 0.8376100125000001 0.33271165625
3 0.3525483453125 0.1762318109375 0.322315953125 0.23559670625 0.3396601609375 0.28329695625 0.36895136093750003 0.21329283281250003 0.3525483453125 0.1762318109375
6 0.290625 0.14375 0.0890625 0.08125
6 0.1625 0.53203125 0.0453125 0.05
6 0.01015625 0.475 0.01953125 0.053125
6 0.20234375 0.5859375 0.0421875 0.04609375
6 0.0640625 0.47734375 0.03125 0.04453125
6 0.1328125 0.51171875 0.053125 0.0703125
6 0.178125 0.63828125 0.0421875 0.0640625
6 0.0453125 0.59375 0.0796875 0.13671875
6 0.12421875 0.51953125 0.2484375 0.1859375
6 0.509375 0.26640625 0.0515625 0.0671875
6 0.52265625 0.51640625 0.065625 0.09296875
6 0.57265625 0.3265625 0.05703125 0.02109375
3 0.1171875 0.06640625 0.234375 0.1328125
6 0.9234375 0.3828125 0.06953125 0.08515625
6 0.7578125 0.196875 0.06328125 0.11484375
6 0.39296875 0.334375 0.05 0.08671875
6 0.60234375 0.18046875 0.075 0.0578125
6 0.95703125 0.94296875 0.059375 0.10546875
3 0.79921875 0.5875 0.1546875 0.1140625
3 0.60546875 0.9125 0.12265625 0.175