3 0.55859375 0.77578125 0.28671875 0.26015625
3 0.49609375 0.5875 0.2046875 0.17109375
3 0.10234375 0.7453125 0.2046875 0.296875
3 0.20546875 0.325 0.07109375 0.19453125
3 0.13125 0.471875 0.21328125 0.1796875
3 0.69453125 0.421875 0.21953125 0.23203125
3 0.8984375 0.58359375 0.15078125 0.1546875
3 0.27421875 0.2 0.18515625 0.18359375
3 0.43046875 0.2390625 0.15546875 0.125
3 0.19453125 0.06640625 0.1375 0.11796875
3 0.53671875 0.19296875 0.2078125 0.15078125
3 0.31328125 0.703125 0.13828125 0.178125
3 0.22890625 0.9109375 0.12109375 0.178125
3 0.72890625 0.096875 0.18515625 0.128125
3 0.9640625 0.55390625 0.071875 0.1828125