3 0.5284110049468829 0.24697970113949497 0.324608729365692 0.2758408942959624
3 0.4405659124109901 0.4327142712917193 0.23136976443170115 0.18346771049385407
3 0.10196826937858405 0.2598936062355102 0.2039365387571681 0.3229122124710204
3 0.11460501576343836 0.6833722099995625 0.12536008792194417 0.20401102076024671
3 0.09112883535804878 0.5334730276803288 0.18225767071609755 0.1979758794672147
3 0.6167081442881301 0.606424979808407 0.27938640033871065 0.2631207184025195
3 0.8423838306156396 0.45301477281177516 0.19188659899542096 0.17875103558899424
3 0.1665283983122232 0.8111735578321155 0.23557641879450494 0.21471771049385424
3 0.32803671626572795 0.7784777574515549 0.1825717791963367 0.14418503460041113
3 0.07274746392074707 0.9400625965968242 0.14549492784149415 0.11987480680635158
3 0.4280819010805924 0.8289008631927735 0.23927243540471982 0.1729122124710205
3 0.2733180335533641 0.3096402327369755 0.16304042986798156 0.1837913626613009
3 0.21571536962972884 0.10148288144438115 0.16544426074054233 0.19010502965749523
3 0.6073339389149707 0.9300800667293643 0.2106967791963367 0.13983986654127137
3 0.9032312589709761 0.48534445315384234 0.09804642802240196 0.1858048488211363