6 0.11457232408384985 0.7021237400167044 0.13229412697434612 0.1488775199665911
6 0.31568789004660064 0.17902504700531427 0.1620767153566284 0.17337810149734287
6 0.29743664274589304 0.2704213972548714 0.1391827444009226 0.11694021381017503
6 0.3608255591374955 0.3282326857324719 0.1153900468904336 0.11006472920121517
6 0.5085624742796981 0.19091693885244104 0.1185383576783142 0.09018982612300715
6 0.5376472456503224 0.2424893386028839 0.08115675684847723 0.08825155074867146
6 0.6400259618321436 0.20224759068286335 0.18937292116548718 0.16506618302809467
6 0.613132497724915 0.23150860503391382 0.12838695435896633 0.09731501996659109
6 0.6006371108018138 0.4923113506661589 0.16016086307689897 0.270940407653759
6 0.7229013518787442 0.4030066181371785 0.19744553029369422 0.14875387687167851
6 0.8901802497995073 0.5381802445932651 0.21963950040098545 0.12656734608959824
6 0.7456354991748074 0.4796309396846349 0.5087290016503851 0.3825106613971162
6 0.9391757020838813 0.707721394343708 0.1216485958322373 0.09985655740420185
6 0.3192874093426326 0.23691047982561292 0.21120314482048547 0.30983724251227585
6 0.5961459072680402 0.21499851143988705 0.337882198759889 0.22081918760364552