6 0.2828125 0.284375 0.11015625 0.11953125
6 0.3296875 0.33828125 0.07578125 0.11171875
6 0.18984375 0.2984375 0.1453125 0.1390625
6 0.21484375 0.49140625 0.0765625 0.10546875
6 0.26875 0.55859375 0.06484375 0.15546875
6 0.22890625 0.63515625 0.1046875 0.1421875
6 0.234375 0.575 0.13125 0.28671875
6 0.52890625 0.55625 0.2390625 0.11953125
6 0.45078125 0.690625 0.13828125 0.17890625
6 0.61015625 0.85703125 0.08125 0.2296875
6 0.77890625 0.8640625 0.0609375 0.115625
6 0.70078125 0.05078125 0.16640625 0.1015625
6 0.24296875 0.3 0.2703125 0.184375
6 0.521875 0.7390625 0.26328125 0.4609375