6 0.37243455227255196 0.7056001066926207 0.14621436836004148 0.12722302768032884
6 0.42058527598022827 0.6565285953239142 0.12754744732618253 0.08915002471457925
6 0.3979121794189938 0.7979958537268712 0.17951934202313283 0.17055653361182782
6 0.5878113153964211 0.7651329796968639 0.11759689469695012 0.08408052273741298
6 0.648379960160249 0.708489048860505 0.17129744732618252 0.09093270060802236
6 0.729834657508724 0.7452131160469799 0.16225076310157682 0.11854836463846716
6 0.6690069294412864 0.742195545400464 0.32071989465236506 0.18097406326932325
6 0.6140930392378527 0.4484282993547966 0.1578618858436723 0.24740819368794006
6 0.7580605830583922 0.5210779376820789 0.20221713150620318 0.1528252055509382
6 0.8914640591242893 0.3549224025873763 0.21707188175142136 0.10011138243296439
6 0.8912093990121267 0.1858859011045015 0.1273832894384853 0.07515119171077375
6 0.08761661827087139 0.29793082262368226 0.12228239465236516 0.17288835475263548
6 0.39295174962102697 0.7448071867306769 0.2444837103831743 0.29446887749004846
6 0.7751057718433921 0.44801051080005283 0.4497884563132157 0.28447043087353985