0 0.2109375 0.1390625 0.2828125 0.165625
0 0.15390625 0.4484375 0.2765625 0.1453125
0 0.22890625 0.3109375 0.340625 0.2296875
0 0.36171875 0.82578125 0.3203125 0.1953125
0 0.2453125 0.71640625 0.3328125 0.209375
0 0.17734375 0.56875 0.309375 0.209375
0 0.60859375 0.925 0.4453125 0.1390625
0 0.66015625 0.81328125 0.3 0.146875
0 0.6484375 0.690625 0.4203125 0.171875
0 0.76953125 0.49609375 0.1765625 0.23125
0 0.79375 0.30703125 0.2296875 0.1671875
0 0.73984375 0.09296875 0.2328125 0.1859375
0 0.48203125 0.05703125 0.3359375 0.1140625
0 0.4203125 0.55703125 0.190625 0.2
0 0.6109375 0.52734375 0.203125 0.16875
0 0.50625 0.41328125 0.3109375 0.178125
0 0.53359375 0.28984375 0.3046875 0.1953125
0 0.49296875 0.16484375 0.309375 0.1859375
