0 1 0.44096843124999996 0.9654580890625001 0.26457494531250003 0.88856830625 0.24537951875 0.8373605515625 0.2653919421875 0.8903175531249999 0.6141022484375 0.91153670625 0.666173546875 0.9647639828125 0.67234199375 1 0.654775671875 1 0.44096843124999996
0 0.7953125 0.37578125 0.1703125 0.44375
0 0.6828125 0.44609375 0.1453125 0.4171875
0 0.64453125 0.6796875 0.1171875 0.0828125
0 0.55859375 0.49140625 0.146875 0.384375
0 0.50859375 0.38125 0.1453125 0.3890625
0 0.46015625 0.51796875 0.1234375 0.378125
0 0.359375 0.39296875 0.1609375 0.3984375
0 0.24453125 0.425 0.165625 0.3859375
0 0.325 0.628125 0.14375 0.1671875
0 0.1078125 0.4390625 0.2078125 0.428125
