0 0.5453125 0.57578125 0.328125 0.14375
0 0.8109375 0.2359375 0.3328125 0.290625
0 0.53359375 0.084375 0.2890625 0.1421875
0 0.165625 0.1140625 0.2140625 0.1125
0 0.3296875 0.41171875 0.3046875 0.1765625
0 0.13046875 0.265625 0.1515625 0.2015625
0 0.4421875 0.24375 0.375 0.2578125
0 0.134375 0.6 0.2359375 0.115625
0 0.846875 0.740625 0.30625 0.31875
0 0.44375 0.75078125 0.4359375 0.3171875
0 0.0953125 0.78515625 0.1515625 0.2078125
0 0.31953125 0.91875 0.3609375 0.153125
0 0.80703125 0.91875 0.2765625 0.103125
