0 0.93203125 0.646875 0.1359375 0.20625
0 0.55390625 0.76640625 0.2859375 0.1484375
0 0.59375 0.63125 0.215625 0.096875
0 0.5890625 0.4578125 0.315625 0.24375
0 0.534375 0.2375 0.25 0.253125
0 0.45234375 0.0625 0.2515625 0.125
0 0.1984375 0.09609375 0.290625 0.1921875
0 0.5046875 0.725 0.121875 0.15625
0 0.4140625 0.5859375 0.184375 0.11875
0 0.36875 0.51015625 0.165625 0.1296875
0 0.33984375 0.3328125 0.2078125 0.10625
0 0.30078125 0.2203125 0.2609375 0.190625
0 0.13984375 0.28125 0.2046875 0.15625
0 0.23828125 0.42890625 0.1796875 0.1421875
0 0.2453125 0.553125 0.1375 0.125
0 0.23125 0.6984375 0.303125 0.31875
0 0.1890625 0.76875 0.296875 0.309375
