0 0.29375 0.8390625 0.1265625 0.2734375
0 0.61171875 0.834375 0.11875 0.2609375
0 0.50859375 0.83984375 0.1234375 0.28125
0 0.40390625 0.83984375 0.125 0.278125
0 0.71328125 0.59140625 0.121875 0.2671875
0 0.61796875 0.58203125 0.11875 0.2734375
0 0.5234375 0.575 0.1265625 0.2734375
0 0.41796875 0.57421875 0.1421875 0.2828125
0 0.31484375 0.57265625 0.128125 0.278125
0 0.20859375 0.5890625 0.128125 0.2828125
0 0.11484375 0.603125 0.11875 0.271875
0 0.85703125 0.3484375 0.128125 0.278125
0 0.76015625 0.34296875 0.115625 0.275
0 0.66796875 0.3328125 0.121875 0.275
0 0.5734375 0.31953125 0.1234375 0.2765625
0 0.47734375 0.3171875 0.11875 0.278125
0 0.371875 0.31484375 0.1328125 0.2609375
0 0.2734375 0.3234375 0.11875 0.2734375
0 0.1765625 0.33515625 0.1203125 0.26875
0 0.08671875 0.3625 0.1046875 0.2765625
