0 0.646875 0.93515625 0.20625 0.1296875
0 0.76640625 0.5625 0.1484375 0.2875
0 0.63125 0.60078125 0.096875 0.2171875
0 0.4578125 0.59453125 0.24375 0.31875
0 0.2375 0.5375 0.253125 0.253125
0 0.0625 0.453125 0.125 0.253125
0 0.09609375 0.19921875 0.1921875 0.2921875
0 0.725 0.51328125 0.15625 0.1234375
0 0.5859375 0.42109375 0.11875 0.1859375
0 0.51015625 0.375 0.1296875 0.1671875
0 0.3328125 0.34375 0.10625 0.209375
0 0.2203125 0.303125 0.190625 0.2625
0 0.28125 0.14296875 0.15625 0.20625
0 0.42890625 0.24296875 0.1421875 0.18125
0 0.553125 0.2515625 0.125 0.1390625
0 0.6984375 0.2390625 0.31875 0.30625
0 0.76875 0.19765625 0.309375 0.3
