0 0.85703125 0.93125 0.165625 0.0828125
0 0.8875 0.8390625 0.1828125 0.184375
0 0.9203125 0.671875 0.1375 0.2125
0 0.93828125 0.42109375 0.1140625 0.3640625
0 0.8609375 0.1296875 0.278125 0.259375
0 0.5921875 0.12265625 0.325 0.2453125
0 0.29609375 0.121875 0.325 0.24375
0 0.09609375 0.134375 0.1921875 0.26875
0 0.1265625 0.428125 0.253125 0.359375
0 0.340625 0.38984375 0.25 0.340625
0 0.57890625 0.378125 0.2578125 0.35
0 0.61171875 0.63828125 0.2046875 0.2421875
0 0.79296875 0.41953125 0.228125 0.3703125
0 0.75625 0.69765625 0.19375 0.209375
0 0.73125 0.84765625 0.14375 0.1265625
0 0.7109375 0.9296875 0.134375 0.0921875
0 0.59375 0.79296875 0.1546875 0.1921875
0 0.5859375 0.92109375 0.1359375 0.1203125
0 0.421875 0.64765625 0.190625 0.2625
0 0.434375 0.81796875 0.1515625 0.1890625
0 0.4515625 0.9359375 0.13125 0.0984375
0 0.2375 0.671875 0.19375 0.2703125
0 0.08515625 0.71484375 0.1703125 0.3125
0 0.1453125 0.89609375 0.1578125 0.2015625
0 0.29609375 0.8875 0.1671875 0.209375
