0 0.3140625 0.84609375 0.3125 0.2609375
0 0.3171875 0.14140625 0.325 0.2828125
0 0.1609375 0.24375 0.05 0.140625
0 0.14296875 0.38515625 0.0546875 0.1390625
0 0.3265625 0.3828125 0.3125 0.24375
0 0.2734375 0.62265625 0.340625 0.2484375
0 0.5921875 0.1859375 0.3 0.240625
0 0.5875 0.40078125 0.28125 0.2109375
0 0.5828125 0.61796875 0.278125 0.2234375
0 0.57890625 0.8296875 0.2734375 0.221875
0 0.83203125 0.234375 0.2078125 0.2
0 0.81953125 0.41953125 0.2296875 0.1890625
0 0.81953125 0.61328125 0.2359375 0.1921875
0 0.80859375 0.79921875 0.2234375 0.1921875
