0 0.5 0.81015625 0.31875 0.153125
0 0.83046875 0.853125 0.2890625 0.1234375
0 0.8328125 0.73828125 0.2765625 0.1078125
0 0.18046875 0.165625 0.265625 0.153125
0 0.228125 0.22109375 0.29375 0.1796875
0 0.21796875 0.403125 0.2765625 0.19375
0 0.171875 0.4890625 0.3046875 0.1828125
0 0.69765625 0.05625 0.2640625 0.1078125
0 0.7375 0.103125 0.278125 0.1296875
0 0.61796875 0.18125 0.0734375 0.1125
0 0.8171875 0.2421875 0.2953125 0.1796875
0 0.6546875 0.2296875 0.0671875 0.1328125
0 0.8109375 0.409375 0.3109375 0.171875
0 0.66875 0.35859375 0.103125 0.14375
0 0.5609375 0.29921875 0.196875 0.1359375
0 0.55859375 0.43125 0.178125 0.140625
0 0.7453125 0.5140625 0.2734375 0.159375
0 0.68359375 0.55390625 0.24375 0.1375
