0 0.8734375 0.0859375 0.253125 0.171875
0 0.875 0.57734375 0.25 0.1734375
0 0.87421875 0.25 0.2515625 0.190625
0 0.6296875 0.91171875 0.259375 0.1765625
0 0.634375 0.7453125 0.259375 0.175
0 0.62734375 0.57890625 0.2515625 0.1734375
0 0.634375 0.42265625 0.253125 0.1703125
0 0.63046875 0.25859375 0.2609375 0.1859375
0 0.63671875 0.08359375 0.2671875 0.1671875
0 0.38359375 0.9078125 0.2734375 0.184375
0 0.39453125 0.74375 0.2984375 0.165625
0 0.3796875 0.57734375 0.26875 0.1703125
0 0.38359375 0.41875 0.2671875 0.159375
0 0.37734375 0.25546875 0.2671875 0.1671875
0 0.37890625 0.084375 0.2734375 0.16875
0 0.13671875 0.90859375 0.2734375 0.1828125
0 0.14921875 0.740625 0.2796875 0.178125
0 0.1421875 0.5828125 0.284375 0.1625
0 0.1421875 0.4171875 0.278125 0.15625
0 0.1359375 0.25625 0.2625 0.153125
0 0.13828125 0.0859375 0.2765625 0.171875
