0 0.05390625 0.125 0.0796875 0.1671875
0 0.1453125 0.09296875 0.18125 0.1859375
0 0.31171875 0.0640625 0.2109375 0.128125
0 0.5625 0.04765625 0.3625 0.0953125
0 0.8640625 0.12421875 0.271875 0.2484375
0 0.8734375 0.375 0.253125 0.3296875
0 0.87734375 0.67109375 0.2453125 0.3296875
0 0.865625 0.8734375 0.26875 0.2015625
0 0.56953125 0.8515625 0.3546875 0.2703125
0 0.60390625 0.63125 0.3375 0.2546875
0 0.61171875 0.39296875 0.3453125 0.2640625
0 0.35078125 0.36484375 0.2390625 0.209375
0 0.56640625 0.1796875 0.3671875 0.234375
0 0.2890625 0.221875 0.20625 0.196875
0 0.13984375 0.2484375 0.125 0.146875
0 0.05703125 0.27109375 0.090625 0.1359375
0 0.196875 0.3859375 0.1890625 0.1578125
0 0.06796875 0.3953125 0.1171875 0.1375
0 0.3453125 0.5546875 0.259375 0.1953125
0 0.17421875 0.5453125 0.1875 0.1546875
0 0.05546875 0.53046875 0.096875 0.1328125
0 0.32421875 0.73984375 0.2671875 0.1984375
0 0.28359375 0.89921875 0.309375 0.190625
0 0.1015625 0.8359375 0.1984375 0.1609375
0 0.10703125 0.684375 0.20625 0.171875
