0 0.3181147671875 0.1078917671875 0.3705406671875 0.1294132984375 0.7200692890625 0.18439827343749998 0.7391815687500001 0.133308740625 0.71864955625 0.0563098296875 0.4989903671875 0.012155867187499999 0.3333653671875 0.008300903125 0.31101889374999997 0.05463038906249999 0.3181147671875 0.1078917671875
0 0.61015625 0.22578125 0.4453125 0.1734375
0 0.5421875 0.33828125 0.41875 0.146875
0 0.309375 0.375 0.0859375 0.1171875
0 0.49921875 0.46171875 0.3859375 0.15
0 0.61015625 0.5125 0.390625 0.1484375
0 0.47421875 0.56015625 0.38125 0.1265625
0 0.6015625 0.66171875 0.4 0.1640625
0 0.57109375 0.77578125 0.3875 0.16875
0 0.36640625 0.69453125 0.16875 0.14375
0 0.559375 0.90390625 0.43125 0.1921875
