0 0.87109375 0.8890625 0.178125 0.153125
0 0.89296875 0.58203125 0.1765625 0.4390625
0 0.1046875 0.8984375 0.209375 0.203125
0 0.50078125 0.859375 0.2484375 0.246875
0 0.7203125 0.7640625 0.253125 0.4203125
0 0.11953125 0.58046875 0.2390625 0.465625
0 0.321875 0.71328125 0.259375 0.45625
0 0.03203125 0.28515625 0.0640625 0.4265625
0 0.1609375 0.1859375 0.2578125 0.371875
0 0.5453125 0.5328125 0.2609375 0.45625
0 0.75859375 0.31796875 0.2578125 0.4671875
0 0.9265625 0.1953125 0.146875 0.390625
0 0.5890625 0.1328125 0.25 0.265625
0 0.37890625 0.2671875 0.2609375 0.465625
0 0.81171875 0.04921875 0.228125 0.0984375
