0 0.356640625 0 0.333203125 0.046875 0.3390625 0.1 0.391015625 0.120312309375 0.7394532203125 0.16718730937499998 0.759765625 0.115625 0.741015625 0.0390625 0.522265625 0 0.356640625 0
0 0.62890625 0.2109375 0.4421875 0.1625
0 0.5578125 0.325 0.415625 0.1375
0 0.32421875 0.3671875 0.0828125 0.115625
0 0.51171875 0.45 0.3828125 0.140625
0 0.621875 0.49765625 0.3875 0.1390625
0 0.484375 0.54921875 0.378125 0.1171875
0 0.609375 0.64765625 0.396875 0.1546875
0 0.5765625 0.7625 0.384375 0.159375
0 0.3734375 0.6859375 0.165625 0.140625
0 0.56171875 0.9 0.4265625 0.2
