0 0.87578125 0.87421875 0.2484375 0.2
0 0.8609375 0.55078125 0.24375 0.4484375
0 0.82578125 0.16953125 0.2390625 0.3390625
0 0.965625 0.2578125 0.06875 0.4171875
0 0.64375 0.70703125 0.2359375 0.45
0 0.60703125 0.25546875 0.2453125 0.4390625
0 0.39765625 0.1421875 0.2453125 0.284375
0 0.1828125 0.0640625 0.2328125 0.128125
0 0.06328125 0.20859375 0.1265625 0.4171875
0 0.07734375 0.6203125 0.1546875 0.4578125
0 0.225 0.3421875 0.24375 0.478125
0 0.4296875 0.53828125 0.2421875 0.4671875
0 0.4609375 0.8625 0.23125 0.25
0 0.24453125 0.77578125 0.2421875 0.4390625
