0 0.35625 0.06328125 0.2125 0.1265625
0 0.2515625 0.43828125 0.159375 0.290625
0 0.38515625 0.39375 0.10625 0.21875
0 0.55859375 0.3921875 0.25625 0.3234375
0 0.78125 0.4390625 0.2640625 0.259375
0 0.94609375 0.51484375 0.1078125 0.25625
0 0.9171875 0.7703125 0.165625 0.296875
0 0.2953125 0.4859375 0.1609375 0.1265625
0 0.43828125 0.57109375 0.1265625 0.1890625
0 0.515625 0.6140625 0.1359375 0.1703125
0 0.69375 0.63671875 0.1140625 0.2109375
0 0.8078125 0.671875 0.2015625 0.2671875
0 0.75390625 0.83515625 0.1640625 0.209375
0 0.60234375 0.74140625 0.15 0.184375
0 0.47734375 0.7390625 0.13125 0.1421875
0 0.3328125 0.75859375 0.33125 0.3140625
0 0.2640625 0.803125 0.321875 0.3078125
