0 0.13828125 0.30859375 0.2765625 0.321875
0 0.8421875 0.2875 0.3 0.334375
0 0.74765625 0.134375 0.14375 0.0546875
0 0.60703125 0.121875 0.1421875 0.059375
0 0.6 0.3046875 0.259375 0.3203125
0 0.36328125 0.26015625 0.265625 0.35
0 0.7828125 0.5640625 0.25625 0.3078125
0 0.56875 0.56640625 0.225 0.2890625
0 0.3515625 0.56953125 0.2375 0.2859375
0 0.13984375 0.57265625 0.2359375 0.28125
0 0.721875 0.80546875 0.2109375 0.2140625
0 0.5375 0.79921875 0.2015625 0.2359375
0 0.34375 0.80625 0.2046875 0.2421875
0 0.15859375 0.8015625 0.203125 0.2296875
