0 0.96171875 0.8734375 0.0765625 0.165625
0 0.8703125 0.90234375 0.178125 0.1796875
0 0.7046875 0.9328125 0.2078125 0.134375
0 0.45390625 0.94609375 0.359375 0.1078125
0 0.1421875 0.86328125 0.284375 0.2734375
0 0.13046875 0.59453125 0.2609375 0.3203125
0 0.12421875 0.2984375 0.2484375 0.3203125
0 0.134375 0.09609375 0.26875 0.1921875
0 0.4328125 0.12890625 0.3515625 0.2578125
0 0.40234375 0.34765625 0.3328125 0.24375
0 0.3984375 0.5859375 0.340625 0.253125
0 0.66015625 0.6234375 0.2359375 0.2
0 0.44765625 0.80078125 0.3640625 0.221875
0 0.72421875 0.76875 0.203125 0.190625
0 0.8734375 0.746875 0.121875 0.1421875
0 0.95546875 0.72734375 0.0890625 0.1328125
0 0.8140625 0.6078125 0.1875 0.1515625
0 0.9421875 0.60234375 0.115625 0.1328125
0 0.6625 0.43359375 0.25625 0.1875
0 0.83359375 0.44921875 0.184375 0.1484375
0 0.95234375 0.46796875 0.09375 0.1296875
0 0.68046875 0.24921875 0.2640625 0.190625
0 0.71796875 0.090625 0.30625 0.18125
0 0.9015625 0.1609375 0.196875 0.1546875
0 0.8984375 0.31171875 0.203125 0.1640625
