0 0.15625 0.73125 0.3125 0.18125
0 0.1515625 0.49140625 0.303125 0.1828125
0 0.14375 0.2484375 0.2875 0.184375
0 0.459375 0.83125 0.31875 0.175
0 0.44609375 0.6671875 0.3125 0.1765625
0 0.44140625 0.50859375 0.3109375 0.1796875
0 0.43828125 0.346875 0.3109375 0.16875
0 0.4328125 0.184375 0.315625 0.1796875
0 0.7671875 0.9125 0.3171875 0.175
0 0.75859375 0.76015625 0.309375 0.1703125
0 0.75703125 0.6015625 0.321875 0.1765625
0 0.75078125 0.44921875 0.328125 0.1703125
0 0.75234375 0.29453125 0.3265625 0.171875
0 0.74375 0.1328125 0.3296875 0.1765625
