0 0.9916990968749999 0.3333653671875 0.9453696109375 0.31101889374999997 0.8921082328125 0.3181147671875 0.8705867015625 0.3705406671875 0.8156017265625 0.7200692890625 0.866691259375 0.7391815687500001 0.9436901703125 0.71864955625 0.9878441328124999 0.4989903671875 0.9916990968749999 0.3333653671875
0 0.77421875 0.61015625 0.1734375 0.4453125
0 0.66171875 0.5421875 0.146875 0.41875
0 0.625 0.309375 0.1171875 0.0859375
0 0.53828125 0.49921875 0.15 0.3859375
0 0.4875 0.61015625 0.1484375 0.390625
0 0.43984375 0.47421875 0.1265625 0.38125
0 0.33828125 0.6015625 0.1640625 0.4
0 0.22421875 0.57109375 0.16875 0.3875
0 0.30546875 0.36640625 0.14375 0.16875
0 0.09609375 0.559375 0.1921875 0.43125
