0 0.0859375 0.0734375 0.171875 0.146875
0 0.07734375 0.378125 0.1546875 0.4375
0 0.87578125 0.0859375 0.2484375 0.171875
0 0.45625 0.1140625 0.240625 0.228125
0 0.240625 0.203125 0.2390625 0.40625
0 0.859375 0.3890625 0.24375 0.4625
0 0.64140625 0.253125 0.24375 0.453125
0 0.9578125 0.68515625 0.071875 0.4265625
0 0.82109375 0.7890625 0.2453125 0.3796875
0 0.4234375 0.43125 0.2453125 0.453125
0 0.2171875 0.64453125 0.240625 0.4640625
0 0.06015625 0.78515625 0.1203125 0.4296875
0 0.39453125 0.84609375 0.240625 0.290625
0 0.59921875 0.69921875 0.2453125 0.4625
0 0.17421875 0.93125 0.2234375 0.1328125
