0 0.9078125 0.121875 0.184375 0.24375
0 0.41640625 0.12265625 0.1859375 0.2453125
0 0.74375 0.121875 0.203125 0.24375
0 0.08203125 0.36953125 0.1640625 0.2609375
0 0.23515625 0.3625 0.1890625 0.2609375
0 0.4015625 0.36796875 0.1859375 0.253125
0 0.5578125 0.35859375 0.1828125 0.2546875
0 0.721875 0.3609375 0.2 0.2625
0 0.89765625 0.35234375 0.18125 0.26875
0 0.0796875 0.615625 0.159375 0.275
0 0.22421875 0.60234375 0.18125 0.3
0 0.38984375 0.615625 0.184375 0.2703125
0 0.54921875 0.609375 0.1734375 0.26875
0 0.71171875 0.6140625 0.18125 0.26875
0 0.8828125 0.61015625 0.1828125 0.275
0 0.07265625 0.8625 0.1453125 0.275
0 0.21484375 0.84765625 0.1921875 0.28125
0 0.371875 0.853125 0.178125 0.2859375
0 0.5375 0.85078125 0.1703125 0.2796875
0 0.6984375 0.85546875 0.1671875 0.2640625
0 0.86875 0.85078125 0.1859375 0.278125
