0 0.8390625 0.8640625 0.25625 0.2015625
0 0.8375 0.540625 0.2609375 0.4515625
0 0.81875 0.165625 0.253125 0.33125
0 0.95390625 0.24609375 0.0859375 0.4171875
0 0.6140625 0.7 0.2546875 0.453125
0 0.59609375 0.2484375 0.2625 0.4421875
0 0.39140625 0.140625 0.25625 0.28125
0 0.18046875 0.06328125 0.2375 0.1265625
0 0.06328125 0.20859375 0.1265625 0.4171875
0 0.06875 0.61875 0.1375 0.459375
0 0.2109375 0.33984375 0.2625 0.48125
0 0.40703125 0.5328125 0.2609375 0.4703125
0 0.425 0.8578125 0.240625 0.253125
0 0.2125 0.77265625 0.259375 0.4421875
