0 0.83515625 0.309375 0.271875 0.3140625
0 0.1390625 0.31640625 0.278125 0.3265625
0 0.23828125 0.159375 0.1421875 0.0515625
0 0.38046875 0.140625 0.140625 0.05625
0 0.37109375 0.32421875 0.2546875 0.3140625
0 0.61328125 0.26953125 0.2609375 0.3421875
0 0.165625 0.59140625 0.2515625 0.3015625
0 0.38046875 0.58515625 0.2203125 0.2828125
0 0.59765625 0.57890625 0.2328125 0.2796875
0 0.809375 0.57421875 0.23125 0.275
0 0.20546875 0.83046875 0.2078125 0.209375
0 0.390625 0.8171875 0.196875 0.23125
0 0.584375 0.815625 0.2 0.2375
0 0.77109375 0.80390625 0.2 0.225
