0 0.03828125 0.1265625 0.0765625 0.165625
0 0.1296875 0.09765625 0.178125 0.1796875
0 0.2953125 0.0671875 0.2078125 0.134375
0 0.54609375 0.05390625 0.359375 0.1078125
0 0.8578125 0.13671875 0.284375 0.2734375
0 0.86953125 0.40546875 0.2609375 0.3203125
0 0.87578125 0.7015625 0.2484375 0.3203125
0 0.865625 0.90390625 0.26875 0.1921875
0 0.5671875 0.87109375 0.3515625 0.2578125
0 0.59765625 0.65234375 0.3328125 0.24375
0 0.6015625 0.4140625 0.340625 0.253125
0 0.33984375 0.3765625 0.2359375 0.2
0 0.55234375 0.19921875 0.3640625 0.221875
0 0.27578125 0.23125 0.203125 0.190625
0 0.1265625 0.253125 0.121875 0.1421875
0 0.04453125 0.27265625 0.0890625 0.1328125
0 0.1859375 0.3921875 0.1875 0.1515625
0 0.0578125 0.39765625 0.115625 0.1328125
0 0.3375 0.56640625 0.25625 0.1875
0 0.16640625 0.55078125 0.184375 0.1484375
0 0.04765625 0.53203125 0.09375 0.1296875
0 0.31953125 0.75078125 0.2640625 0.190625
0 0.28203125 0.909375 0.30625 0.18125
0 0.0984375 0.8390625 0.196875 0.1546875
0 0.1015625 0.68828125 0.203125 0.1640625
