0 0.62265625 0.83515625 0.121875 0.271875
0 0.3046875 0.84375 0.1140625 0.259375
0 0.40703125 0.8453125 0.11875 0.28125
0 0.5125 0.840625 0.1203125 0.278125
0 0.2265625 0.60390625 0.1171875 0.265625
0 0.3234375 0.590625 0.1140625 0.271875
0 0.41796875 0.58046875 0.121875 0.271875
0 0.52421875 0.575 0.1375 0.2828125
0 0.628125 0.56875 0.1234375 0.278125
0 0.7328125 0.58125 0.1234375 0.2828125
0 0.825 0.59140625 0.1140625 0.2703125
0 0.10703125 0.36640625 0.1234375 0.278125
0 0.20390625 0.35703125 0.1109375 0.275
0 0.29765625 0.34375 0.1171875 0.275
0 0.39375 0.3265625 0.11875 0.2765625
0 0.48984375 0.3203125 0.1140625 0.278125
0 0.59609375 0.31328125 0.128125 0.259375
0 0.69375 0.31796875 0.1140625 0.271875
0 0.78984375 0.32578125 0.115625 0.2671875
0 0.87734375 0.34921875 0.1 0.275
