0 0.6872984830963234 0.2509714553384114 0.1356699308786201 0.1369264193542569
0 0.634757707914033 0.30706094355158714 0.10327035330540184 0.12453342721213971
0 0.7787892047878997 0.2607038662156129 0.17390658602505676 0.16047523531769164
0 0.7335073718889762 0.45483700992930665 0.10105095183499131 0.11821065260503386
0 0.6725394310820636 0.5245352338744588 0.10441521286306976 0.165012877997928
0 0.7043361380695352 0.5992419813932595 0.12966390992224888 0.1537500463187275
0 0.7051900647222361 0.5393404425181298 0.1808743691092925 0.30073636228216233
0 0.4126295191334675 0.534308455957584 0.2613268323490304 0.14899838792272552
0 0.47663113751964215 0.6650447256022911 0.15778419190669873 0.1846019400324213
0 0.29976613586996326 0.8388739855270886 0.1357355305079956 0.24110449710451576
0 0.13027712171575143 0.8537648930945212 0.07810612793779907 0.1218065334984459
0 0.2944163375015109 0.04813993941324877 0.18304232499697815 0.09627987882649754
0 0.725499979420297 0.2647407028572121 0.30983464999395627 0.22589052770747778
0 0.40044640112396107 0.7167934702256076 0.3273926102807859 0.4817038800648426
