0 0.3947472585214166 0.19823827150706017 0.46136951704283324 0.3907490998345489
0 0.09487490705542405 0.91484375 0.16078531574558705 0.1703125
0 0.836728027189103 0.3730896359521057 0.28784228814615176 0.47206946347211093
0 0.7526895868456102 0.748851520692986 0.40498314934808166 0.3819547524323369
0 0.3888069500794303 0.26061554058178366 0.39765011606989853 0.23031043181548566
0 0.8213810856277941 0.7914441696373258 0.2042819456152035 0.2488035129856435
0 0.6679463940697806 0.7262849995896676 0.19723310470581304 0.29241714529089186
0 0.8639160442352315 0.275156696422687 0.1508296631477993 0.22912621266133196
0 0.8109291862797126 0.41637598578994994 0.19161039610167094 0.32824555113509035
0 0.6401293112780649 0.6539463494275118 0.12578302434972918 0.136529609577077
