0 0.5775954484375 0.8627772453125001 0.643177503125 0.8508478046875 0.670602675 0.762569328125 0.6574863078125001 0.633730578125 0.6097902578125 0.50727769375 0.5489778390625 0.44047245156250003 0.4604281859375 0.466142103125 0.401120159375 0.6265728687500001 0.3987353953125 0.6814485609375 0.461932578125 0.698149953125 0.5775954484375 0.8627772453125001
0 1 0.7697270359374999 0.998512734375 0.6623614109375 0.8995436515625 0.5645393609375 0.73775865625 0.573438240625 0.681334278125 0.6385023109375 0.6717951109375 0.8556195375 0.718298725 0.9415120375000001 0.77434150625 0.9987737031249999 0.8506551640625 1 0.9198143125 1 0.977049528125 0.972528846875 1 0.8961798109375 1 0.7697270359374999
0 0.535861471875 1 0.491742621875 0.7530256453125 0.44643144531249995 0.686220403125 0.3665405859375 0.7029216859375 0.2976083609375 0.7701478265625 0.29022692656250004 0.8914080796875 0.29499656406249997 1 0.44762377343750004 1 0.535861471875 1
0 0.6348306640625 0.28300286875 0.5489778390625 0.20665394374999999 0.4156974640625 0.16571291875 0.380849390625 0.3235631421875 0.55851700625 0.44285831875000004 0.637215428125 0.3927543609375 0.6348306640625 0.28300286875
0 0.1759408 0.305197896875 0.20556653906250003 0.414227484375 0.27830299687500004 0.3211772765625 0.31765220781250003 0.21142578437499998 0.1759408 0.305197896875
0 0.1280605515625 0 0.079172065625 0.1016741828125 0.067248134375 0.19472439218749998 0.1387921546875 0.242442484375 0.1888729703125 0.3331068265625 0.21033617656249998 0.414227484375 0.261823784375 0.3302336625 0.330768575 0.125533284375 0.29499656406249997 0 0.1280605515625 0
0 0.8339614875000001 0.28061689218749997 0.8840423015625 0.2138116515625 0.9007359796875001 0.094516475 0.8959664500000001 0.0038522421874999995 0.605355721875 0.015498326562500001 0.6026358546874999 0.18518081718749999 0.6837190421875 0.29254644375 0.7588402640624999 0.294932309375 0.8339614875000001 0.28061689218749997
0 0.2794953234375 0.7124653703125 0.3259989375 0.741096203125 0.4035050328125 0.676676828125 0.4035050328125 0.6504318609374999 0.4142366359375 0.569311203125 0.44643144531249995 0.48819043593749994 0.40827456093750003 0.4357006109375 0.27971607187499997 0.444682875 0.22822218125 0.47626099375 0.1996045734375 0.5621534953125 0.212720940625 0.6432741531249999 0.2794953234375 0.7124653703125
0 0.7576479375 0.3235631421875 0.558835771875 0.430376725 0.6360231015625 0.595556059375 0.7755339421875 0.5215931109375 0.7576479375 0.3235631421875
0 0.9400851906250001 0.371281234375 0.9901660046874999 0.3832107859375 0.998512734375 0.17563724218750001 1 0.039640784375 0.9961280796875001 0.011009950000000001 0.9484319203125 0.030097099999999998 0.903120853125 0.05872793281250001 0.8923892499999999 0.2185834921875 0.8057493515624999 0.2873152078125 0.7648023390625001 0.33549269375 0.7922275109375 0.47864686093750003 0.8721183703125 0.4261570359375 0.9400851906250001 0.371281234375
