0 0.5767269199393967 0.8845872263310686 0.15641050928357636 0.133975026144509
0 0.10865266570832599 0.6843121099533993 0.17489024498846878 0.1554715178461393
0 0.19420164484076619 0.702563357254107 0.14207774498846878 0.15298513527271584
0 0.26571770937410943 0.6391744408625044 0.11515205874135157 0.1153900468904336
0 0.16513076232346938 0.49143752572030186 0.100625034012464 0.1220185551888033
0 0.22255053319102913 0.4623527543496776 0.08822637249423444 0.07779495850815117
0 0.20679465182393572 0.3599740381678565 0.1580912658560285 0.1789323286340201
0 0.22929464332081975 0.38686750227508504 0.11309969939202143 0.1337848493799445
0 0.4826054447092588 0.3993628891981862 0.27557436477157876 0.15691746390673594
0 0.4232684891555027 0.27709864812125584 0.16272809661514334 0.2009257278041831
0 0.5975464099573087 0.10970135103032963 0.131376758133373 0.21940270206065926
0 0.5075674852941748 0.25802229709092617 0.4367231283272005 0.5160445941818523
0 0.7729349308248685 0.06079469812357803 0.10375003401246392 0.12158939624715606
0 0.16776173722483878 0.6807125906573674 0.33552347444967756 0.24051213652211575
0 0.20912994277859487 0.4038540927319598 0.22001698611560974 0.3335732070582587
