0 0.19065146265803667 0.6081814964068201 0.3642842370110612 0.32113700718635985
0 0.5536546542193456 0.16964011375125687 0.3778206314911742 0.33928022750251374
0 0.6312926846581547 0.11278654568818411 0.40008536931630945 0.22557309137636822
0 0.7986104184228051 0.7800439124196329 0.4027791631543899 0.310192690919877
0 0.4515128705308302 0.6645497325244908 0.3795388644450455 0.4803368813493636
0 0.145492515821722 0.8910747430588353 0.2626750982129912 0.21785051388232937
0 0.21924269805083538 0.15885814282211497 0.3072353961016708 0.31771628564422993
0 0.26609615300152956 0.22173310346210756 0.19870232710967278 0.1265386430673102
0 0.42444226136079044 0.3693213873097475 0.426838784088962 0.331198878001379
0 0.7527656789728165 0.5684926199568359 0.4936365462638264 0.40567009235714907
0 0.7478388510523649 0.33107933084202373 0.2874023628234877 0.2050002622083369
