0 0.4203125 0.30234375 0.071875 0.09921875
0 0.69375 0.23359375 0.08515625 0.05859375
0 0.32421875 0.3078125 0.0859375 0.0875
0 0.96796875 0.34921875 0.0640625 0.0890625
0 0.8125 0.4765625 0.040625 0.0953125
0 0.55234375 0.49375 0.08515625 0.075
0 0.29296875 0.36015625 0.0765625 0.05703125
0 0.09453125 0.74609375 0.08359375 0.0703125
0 0.45390625 0.65625 0.09296875 0.09453125
0 0.47578125 0.59375 0.0921875 0.18203125
0 0.33984375 0.5140625 0.08046875 0.08671875
0 0.20703125 0.60703125 0.06875 0.09296875
0 0.37421875 0.43359375 0.075 0.07421875
0 0.196875 0.496875 0.07734375 0.109375
0 0.78828125 0.353125 0.08828125 0.075
0 0.38828125 0.5765625 0.059375 0.09140625
