0 0.5444041937499999 0.6423327140625 0.5333877515625 0.7230122875 0.5552591953125 0.8200477859375 0.60339875 0.87234185 0.6620237 0.924928803125 0.6641705890625 0.924866334375 0.747285278125 0.8364952203125 0.7368884 0.761284296875 0.6830288203125 0.6703927125 0.6342415875 0.6099373609375001 0.5855515828125 0.60279314375 0.5615477734375001 0.5756166328125001 0.5342177218749999 0.58703710625 0.518947715625 0.631171165625 0.51865805 0.6382800890625 0.5444041937499999 0.6423327140625
0 0.2524849234375 0.39374877656249996 0.3541216578125 0.47169642031250003 0.356533290625 0.47241494062499995 0.3921038609375 0.47025944375 0.399633225 0.414961015625 0.2897670921875 0.32784552499999997 0.2306384109375 0.2899924296875 0.19948789218750002 0.313156884375 0.19936399375 0.31619755 0.2524849234375 0.39374877656249996
0 0.7695854015625 0.8453940328125 0.870106840625 0.8025907015625 0.8942605171875 0.74874460625 0.8584411218750001 0.73817853125 0.8201734734375 0.73929200625 0.7444565703125 0.7653403 0.7442080468750001 0.7714395 0.7695854015625 0.8453940328125
0 0.8100598484375 0.3821980109375 0.7954618734375 0.40370878593750004 0.7687419625 0.3971868515625 0.774418421875 0.435921140625 0.811202325 0.456203734375 0.8859233265625001 0.463770959375 0.9451168781250001 0.47520854375 0.946290828125 0.44639775468750004 0.941625146875 0.4082840140625 0.8200894703125 0.381906178125 0.8100598484375 0.3821980109375
0 0.1504186984375 0.2151660359375 0.1395146875 0.176811515625 0.15352343125 0.13897045937500002 0.1536091 0.136867965625 0.136791315625 0.13529711875 0.1256012671875 0.15900791718750001 0.09513468281250001 0.1582252796875 0.0933645546875 0.1680737875 0.0286159609375 0.2922960609375 0.02232338125 0.3288422984375 0.0485688375 0.3419292359375 0.0855082046875 0.3408544109375 0.15014814375000002 0.221805946875 0.1504186984375 0.2151660359375
0 0 0.43496683281250004 0.10626626875 0.4357177796875 0.11595090156250001 0.39477399687500003 0.1358375296875 0.3815083921875 0.135881303125 0.3804341015625 0 0.3744984328125 0 0.43496683281250004
0 0.560710215625 0.4125733125 0.4775562328125 0.3347999390625 0.4763547375 0.3347718703125 0.4732186203125 0.335312475 0.45686836875000003 0.3928599890625 0.4565213953125 0.4013753015625 0.502441803125 0.43932408125 0.519322815625 0.45308349375 0.5286450671875 0.45281224375000007 0.560710215625 0.4125733125
0 0.7939971421875 0.3378785921875 0.8350820156250001 0.3206556359375 0.8351559953125 0.3199070171875 0.7923626375 0.2936121484375 0.6922180515624999 0.28146012656249997 0.687995740625 0.3125387484375 0.687303909375 0.3295174875 0.7866016484375 0.3383513625 0.7939971421875 0.3378785921875
0 0.3464025890625 0.13281129687499998 0.3850168015625 0.152665140625 0.3866518296875 0.152617565625 0.43365842343749994 0.0432480484375 0.43375566406250005 0.0408616078125 0.4000922625 0.02750768125 0.35325542187500003 0.08987820156250001 0.3464025890625 0.13281129687499998
0 0.5089225374999999 0.21446726093750001 0.5928188578125 0.27459181093749996 0.5954448984375 0.2745154015625 0.6123890328125 0.25300861406249997 0.612779725 0.2434203625 0.5560232609375 0.17618810000000001 0.52813319375 0.1730901828125 0.5089225374999999 0.21446726093750001
0 0.60235151875 0.07803550000000001 0.601362578125 0.10230583906249999 0.6339858406250001 0.169308678125 0.6437162734374999 0.1946995796875 0.6613733421875 0.16596226875 0.6776005390625001 0.124634440625 0.6482192078125 0.040091215624999996 0.6224267015625 0.027148009374999997 0.6214300015625 0.027177010937500003 0.60235151875 0.07803550000000001
0 0.3988293671875 0.53227268125 0.344210615625 0.47227986250000004 0.2937513921875 0.4488629390625 0.280558640625 0.49497782187499995 0.2988343 0.5036735875 0.3972523234375 0.5924117125 0.400703365625 0.592311296875 0.4197019578125 0.577269434375 0.4203484765625 0.5614027265625 0.3988293671875 0.53227268125
0 0.5540487578125 0.43963650625 0.545535396875 0.4892816546875 0.5818714171875 0.5700345921875 0.6327147671875 0.6105308140625 0.6456634765625 0.6101540453125 0.6540782328125 0.6087195328125 0.6551848765625 0.5815605796875001 0.58185426875 0.4323892015625 0.5540487578125 0.43963650625
0 0.926216684375 0.5943432343749999 0.8877639187499999 0.5788457140625 0.8262954015625 0.5926156515625001 0.7839978078125001 0.6035407828125 0.7002612078125 0.598289153125 0.7150854546875001 0.6770846078125 0.824851603125 0.6892151671875 0.843814259375 0.6886634109374999 0.8955183437500001 0.6495554984374999 0.9260275218749999 0.5989855937499999 0.926216684375 0.5943432343749999
0 0.6637199796875 0.3447357203125 0.6940932015625 0.23949840937500003 0.6941808046875 0.23734847656250002 0.664477984375 0.22100537656250002 0.66116279375 0.2211018390625 0.6136795 0.29237738125 0.6266093203125 0.332760975 0.6637199796875 0.3447357203125
0 0.6605004109375 0.41900172343750003 0.6415731796874999 0.49783365156250003 0.662773875 0.56601218125 0.6632769093750001 0.565956665625 0.689041128125 0.55499030625 0.6911313375 0.5036929109375 0.682252659375 0.4364092046875 0.6539317921875 0.39142281562500003 0.65384103125 0.39142545625 0.6605004109375 0.41900172343750003
0 0.4310893078125 0.097401915625 0.40449992031250004 0.15798680625 0.4213022546875 0.198428765625 0.421804234375 0.198414159375 0.46556204531249995 0.1237862296875 0.47940070781250005 0.06968295937499999 0.479648696875 0.063596875 0.45492134375 0.0623333984375 0.4310893078125 0.097401915625
0 0.8780790203125 0.29879615937500004 0.908746240625 0.29180660625 0.9091033328125 0.28873526250000003 0.8974979015625 0.2565430984375 0.8371883562500001 0.2445998015625 0.7682842125 0.2571701171875 0.7667949515625 0.2937191953125 0.809150465625 0.3088740390625 0.8418321015625001 0.3079231 0.8780790203125 0.29879615937500004
0 0.31739307031249997 0.27012070312500003 0.3628869890625 0.209761140625 0.363510725 0.194453540625 0.360081609375 0.1689971546875 0.35818486250000003 0.1690523453125 0.3140057796875 0.22006474687500002 0.3172319265625 0.2701253921875 0.31739307031249997 0.27012070312500003
0 0.284767636350116 0.1352936761681813 0.09718801779449712 0.08710284639736088
0 0.1408213877958097 0.5273029829112412 0.0521646778706093 0.054579851411925874
0 0.0010518695442020168 0.4739232333069525 0.0021037390884040335 0.055278533386094966
0 0.1784686264271032 0.5800498981923627 0.04734984387822054 0.05131845909205772
0 0.044612232662613396 0.47547972162847 0.03309634288963735 0.04622178213245363
0 0.11196155874633677 0.5078543009370721 0.06561968281352519 0.07838106426490725
0 0.1521170320545911 0.6330983418450143 0.05273768083635884 0.06864235141192587
0 0.036274445133633815 0.5916048268013195 0.07254889026726763 0.14804034639736088
0 0.12050220650234031 0.5149992112036288 0.24100441300468062 0.22000157759274241
0 0.4985197771488563 0.25158495124100594 0.0623036818249421 0.07360263605166191
0 0.5016143077577537 0.5011985063347131 0.07263368676785795 0.09731292069139812
0 0.5593498477953721 0.3098999049227874 0.0588311719391104 0.02668217194503919
0 0.11796875 0.0671875 0.2359375 0.134375
0 0.907839085932374 0.3559432129859955 0.0819450197716634 0.09602320533113406
0 0.7497904584795066 0.17482490828799965 0.07996602570316255 0.12405727711788872
0 0.3793440128144002 0.3229407771843957 0.05512785178688588 0.0890003155185485
0 0.5949902119395478 0.16294233689695642 0.08236151384016459 0.06794366943775673
0 0.9186082177966848 0.9151219846936078 0.06520318874502422 0.10646060015828454
0 0.7752799594309089 0.5642451094624986 0.17097302768032882 0.13606919530200406
0 0.567601474716767 0.8925616407370225 0.14482170456235507 0.18368834138279588
