0 0.6765625 0.796875 0.2609375 0.3671875
0 0.05625 0.240625 0.1125 0.2625
0 0.30625 0.3875 0.2078125 0.2484375
0 0.365625 0.5640625 0.2109375 0.128125
0 0.78125 0.353125 0.15 0.09921875
0 0.90625 0.4875 0.18671875 0.10625
0 0.07109375 0.42265625 0.1421875 0.09140625
0 0.17578125 0.653125 0.07421875 0.115625
0 0.1140625 0.5359375 0.1046875 0.09296875
0 0.28828125 0.14921875 0.1046875 0.1140625
0 0.58515625 0.24375 0.1453125 0.128125
0 0.6734375 0.1296875 0.12890625 0.19140625
0 0.53046875 0.42578125 0.153125 0.128125
0 0.63125 0.5765625 0.13984375 0.19609375
0 0.43984375 0.14375 0.06328125 0.19765625
0 0.10546875 0.04921875 0.2109375 0.0984375
0 0.52265625 0.56640625 0.084375 0.1328125
