0 0.44657546875 0.3218160359375 0.381271503125 0.3166356015625 0.35994458906250004 0.36933083906249997 0.3457471734375 0.5407591078125 0.41202988124999995 0.591243 0.42131635 0.5918381046875 0.5008012953125001 0.5514297375 0.598885390625 0.4476574125 0.6422589171875 0.37191654375 0.6640810625 0.22875118749999998 0.6235557484375 0.2044973015625 0.44657546875 0.3218160359375
0 0.692481603125 0.1471179734375 0.60339833125 0.3551070953125 0.625558746875 0.4351730265625 0.7691117203125 0.49714040312499996 0.9034358156250001 0.437625940625 0.95314690625 0.336828696875 0.958584975 0.3254374203125 0.9925013484375 0.10292722031249998 0.9837199218749999 0.0930350484375 0.920641275 0.070134284375 0.8864550359375001 0.0583843828125 0.8313348890625001 0.0548521234375 0.77358026875 0.0814849984375 0.692481603125 0.1471179734375
0 0.262681903125 0.2513676859375 0.3227879703125 0.3239366125 0.3832385578125 0.341689278125 0.40352045312499996 0.342989 0.454210065625 0.2832187765625 0.5294593390625 0.0413523453125 0.40109864999999995 0.029338420312500002 0.28977483125000003 0.020893320312499998 0.27098359843750003 0.1293246796875 0.262681903125 0.2513676859375
0 0.5463010203125 0.6520497640625 0.48185270156250004 0.5972952125 0.4722373359375 0.59667903125 0.279233384375 0.6937171 0.2784811453125 0.6986522109375 0.282501628125 0.8551219250000001 0.42275603281249996 0.8282800140625 0.5227479875000001 0.7611815171874999 0.5463010203125 0.6520497640625
0 0.1940602671875 0.8074071375 0.1941254453125 0.8069795328125 0.165866578125 0.694448653125 0.1041695234375 0.598336371875 0.10139133593750001 0.5981583374999999 0.074832471875 0.668368965625 0.06876135 0.7081988859374999 0.1940602671875 0.8074071375
0 0.16972503125 1 0.202768709375 0.9055398625000001 0.2062940421875 0.8824117250000001 0.1520973578125 0.685185190625 0.10565462187500001 0.6015314078125 0.078758959375 0.6831595703125 0.022401264062500002 0.774697503125 0 0.7892066062499999 0 1 0.16972503125 1
0 0.7674093 1 0.7763482374999999 0.94135561875 0.7712072546875001 0.8355907421875 0.726649496875 0.7702436406250001 0.6517762140625 0.7581004765625 0.575340253125 0.7626556890625 0.48303312187499997 0.8723445890624999 0.47315851249999996 1 0.7674093 1
0 0.2291078921875 0.307342128125 0.1551249140625 0.377727365625 0.13425949375 0.4591148859375 0.15513033437499998 0.544550978125 0.2042177421875 0.5752489749999999 0.3333194265625 0.5820005015625 0.37503639375 0.5309910765625 0.3758433609375 0.5256969265625 0.3518760796875 0.44822229687500004 0.3486365 0.3672493796875 0.35109781406249996 0.34099184843749997 0.281129421875 0.27992414375 0.2759269484375 0.2795907546875 0.2291078921875 0.307342128125
0 0.689323453125 0.694557809375 0.689786034375 0.6915230234374999 0.6800551078125 0.49661250937499996 0.5394904046875 0.45583466718750004 0.5295108671875 0.45519514843750003 0.48004732656250004 0.6183858125 0.477982078125 0.6319349921875 0.689323453125 0.694557809375
0 0.8122343624999999 1 0.8530940890625001 0.8987945890625 0.8863717140625 0.80954739375 0.9038230609375001 0.6950568890625 0.877087878125 0.695088709375 0.8352404828125 0.6260681296875 0.7862883218750001 0.5631604125 0.77743925625 0.5625933390625 0.69754911875 0.6895050046875 0.7166544 0.7457868734375 0.7704918625 0.8325831640624999 0.7160325624999999 0.9904993718749999 0.723753753125 1 0.8122343624999999 1
