0 0.1967419240531339 0.3869330362847915 0.3897021307288153 0.466758927430417
0 0.9125 0.071648955928333 0.175 0.143297911856666
0 0.3682571287794039 0.8221223878240622 0.47051468403881647 0.2968114097629865
0 0.7445463614337682 0.7227146145539577 0.3543817013844521 0.3847088404244447
0 0.2583788580521794 0.37846526643315953 0.2594146467218156 0.4121779173624308
0 0.7867434994429949 0.7897196233876729 0.23652039735836256 0.1898301386770836
0 0.7224708194223141 0.6388305770348952 0.2817783533577263 0.18619729882131963
0 0.27015598344999464 0.8533197960684372 0.24418744668999892 0.17751197663298654
0 0.41169804610913135 0.7945415952710067 0.3223306280235443 0.18089285619201406
0 0.6502867367520415 0.6139409862292009 0.14373291335136287 0.1361219507974308
