0 0.2161678137485036 0.800200542011454 0.36279951040760794 0.3995989159770922
0 0.906776427765481 0.2507707314608123 0.1582625602382528 0.2717306440165447
0 0.6415874859012332 0.3955725120941775 0.26033589664755186 0.265118112030544
0 0.5584448887513919 0.5714441214194507 0.24206694094145825 0.15258174936345306
0 0.17121480570031727 0.3556703866963623 0.174939621142374 0.11747949602163539
0 0.06858524941014457 0.48784599267981754 0.13717049882028914 0.13506698535963507
0 0.869772666102149 0.4326565307924487 0.1615982902698132 0.11108404535327185
0 0.736299673817401 0.6627156534452221 0.10234345201493475 0.12287497334499946
0 0.8137933776779152 0.5462463161202672 0.12992762483353282 0.10759541868236297
0 0.6916319754176119 0.15750034742995012 0.13401411745121514 0.12636360001590835
0 0.3820318459701305 0.2485771440563156 0.18070877550517778 0.14874767735518085
0 0.30910488439436434 0.13348739871099796 0.18401391879450496 0.2080681333545445
0 0.41221558430679844 0.43124474073040614 0.18674844278703767 0.14725790268936265
0 0.29113722700627026 0.5808532947167249 0.1911052496670657 0.21439085868872637
0 0.5408056399311026 0.15026800807604196 0.09368942248566388 0.19765679734245412
0 0.8867038539423037 0.06274347278799443 0.2265922921153926 0.1071601613621805
0 0.40109813967418145 0.5719606473981333 0.11069677919633669 0.13857269867918126
