0 0.8213788583543463 0.5450524379111562 0.2944186481929272 0.3000308222384088
0 0.6279957780489649 0.48583889935467217 0.2184941348570076 0.2300535129856435
0 0.7540493843979656 0.10187655113838574 0.3268487687959313 0.20375310227677149
0 0.3417722671289414 0.19979585389832927 0.20363492515463033 0.08624896590774282
0 0.48258884364130095 0.12301339123699732 0.205356406068835 0.22202282467404083
0 0.4785690892685509 0.6871673944834082 0.27965477546389117 0.2529649074657563
0 0.6569325606398578 0.888250833202048 0.1755096672787225 0.16221144805083548
0 0.22238428046486095 0.2707277370143565 0.22321358576539324 0.21141260714144483
0 0.2742013562283145 0.426295898540598 0.15089230455162622 0.16646257142762977
0 0.08228569682549965 0.19337212459461056 0.14518443849054993 0.1538807508107789
0 0.23678071774746287 0.533350467939633 0.19480154334173855 0.22651940990138844
0 0.7286979244057243 0.301008157472347 0.20012703000581897 0.1579603246740408
0 0.9134085378817268 0.21229271063932767 0.1731829242365464 0.14699555113509044
0 0.15637509593651072 0.7272152905850788 0.1466830366737788 0.1913534772718286
0 0.6323468909452392 0.9512690304421045 0.1923147878817268 0.08137055113509035
