0 0.8833535433480602 0.12065428747909561 0.2332929133038796 0.1998192345801019
0 0.8091904678809568 0.20642413671696982 0.3626357981604961 0.11138396935659553
0 0.46959171581332193 0.28894276268942354 0.3594913045770774 0.23937261397040127
0 0.3049856947096196 0.3555858829063408 0.20252795365732545 0.2930965359079618
0 0.7322711281902221 0.48603488954564017 0.29770465549682934 0.18437604176169434
0 0.4877882836870514 0.6704382023845733 0.40262509311270167 0.15688736689726746
0 0.8169130974616479 0.35886333548730576 0.31298999586473003 0.16261012607064967
0 0.88488432521729 0.6578321006126163 0.23023134956542002 0.1889271863754999
0 0.165102957542782 0.6128858193800366 0.17528613439312699 0.24922836123992678
0 0.29502587291429644 0.5050000756265526 0.36990477705679387 0.1769907886384363
0 0.3752907614426934 0.5921137353656688 0.29495334678448204 0.107868083916172
0 0.6513556680801784 0.9181530188377437 0.3765575444887158 0.1598578307929138
0 0.40863009518033666 0.0719097987937771 0.2453561142164041 0.09040787314378343
0 0.31215010088361483 0.7957932472695255 0.2893535899044111 0.0922249031980126
0 0.881560419256971 0.4874332422013599 0.236879161486058 0.1295430960164204
0 0.6158044123769002 0.19503770570422296 0.2525329091686096 0.1357203731437834
0 0.5500265983886272 0.13520870863108922 0.24931572522451742 0.1154078731437834
0 0.9300269954012403 0.5995287212223169 0.13994600919751932 0.11694310206654457
0 0.8697129759016834 0.8166212933328281 0.26057404819663327 0.1595214875069683
