0 1 0.5997600640625 0.9580853046875 0.565396646875 0.89435915625 0.52128463125 0.7914356421875001 0.5060011640625001 0.7124947484375 0.5221118406249999 0.70175996875 0.4949569546875 0.6543611578124999 0.5156496359375 0.6490416171875 0.5433625281250001 0.681928934375 0.5652865859375 0.70020266875 0.6128735796875 0.772314553125 0.6570948296875 0.8763033218749999 0.704345503125 0.9545886515625 0.709722171875 1 0.6530514015625 1 0.5997600640625
0 0.372257759375 0.2823006296875 0.4909419171875 0.376281240625 0.5070256390625001 0.374874096875 0.536040678125 0.3671256234375 0.53172576875 0.3236398265625 0.42642380625 0.2379370234375 0.329956775 0.19474825625 0.315937559375 0.22944845625000002 0.372257759375 0.2823006296875
0 0.8500576171875001 0.7839310265625 0.8534461375 0.818080640625 0.8808087140625 0.8606974578125 0.8825640921875 0.8605438812499999 0.9286915109375 0.8313335796875 0.942288265625 0.728991678125 0.8537568953125 0.71265946875 0.8500576171875001 0.7839310265625
0 0.4976938796875 0.784669615625 0.544600859375 0.915948890625 0.5976098546874999 0.924875753125 0.6008124265625 0.924595565625 0.595397453125 0.8700232968750001 0.5931336859375 0.8632404765624999 0.574977428125 0.7882926296874999 0.54922751875 0.7505404453125 0.5091022296875 0.74287254375 0.5194694140625 0.76987099375 0.4976938796875 0.784669615625
0 0.283627625 0 0.181266896875 0.0863141 0.171913440625 0.09035889375 0.1781813875 0.1203465640625 0.15691302812500002 0.13694549843749998 0.1616737828125 0.153882340625 0.1981790484375 0.1299812578125 0.241984153125 0.132050075 0.35045844375 0.037533671875 0.3476492375 0.0092224078125 0.3468199359375 0.005254854687499999 0.342791115625 0 0.283627625 0
0 0.3554235765625 0 0.444134778125 0.113662975 0.443918184375 0.08908340625 0.469842371875 0.0653003875 0.468750665625 0.054298140625000005 0.429370615625 0 0.3554235765625 0
0 0.4095835 0.44013749375 0.40794813437500005 0.44398294375 0.460846078125 0.54332409375 0.5124778296875 0.5159855140625 0.5008136515625 0.48981935625000006 0.47562979843750003 0.43435919062500006 0.4095835 0.44013749375
0 0.44799696562499997 0.81030398125 0.45579441875000004 0.8096217921875001 0.4544303703125 0.7835771078125 0.453061425 0.769780834375 0.3956848328125 0.67509725625 0.35212790156249996 0.6928592765625 0.41012149375 0.782566840625 0.44799696562499997 0.81030398125
0 0.135664028125 0.34231663437500004 0.07870291562500001 0.396079809375 0.0788244109375 0.39730425 0.0956126203125 0.42925345625 0.20202463750000002 0.36822999218749997 0.20191679687500003 0.36714316875 0.18117267343750001 0.335611775 0.1496945421875 0.33836575468749996 0.135664028125 0.34231663437500004
0 0.2533515171875 0.5308237484375 0.3164202546875 0.605894646875 0.3174945890625 0.6058006546875 0.33959432343749996 0.595156965625 0.3370793921875 0.569811409375 0.2986452109375 0.49397313593750003 0.2963650515625 0.4941726234375 0.25421671875 0.5029356218750001 0.2533515171875 0.5308237484375
0 0.127005590625 0.648174203125 0.21110859375 0.67815079375 0.23210413281250003 0.6763139234375 0.258352221875 0.666504040625 0.2842038453125 0.6499756828125001 0.256291721875 0.6391830640625 0.1707005109375 0.598758815625 0.108015109375 0.620938078125 0.127005590625 0.648174203125
0 0.554003453125 0.26401281718749997 0.5483726484375 0.24674762656250002 0.5380005953125 0.2476550640625 0.5006795265624999 0.25712889843750003 0.5170778031250001 0.30917948906250003 0.5689583890625001 0.366604509375 0.6034088484375 0.3969830078125 0.62958698125 0.36850630624999997 0.554003453125 0.26401281718749997
0 0.6969596359375 0.6069965328125 0.693239275 0.569502628125 0.6455027359375001 0.5344186093750001 0.561198034375 0.51986073125 0.5539472234375 0.5204950953124999 0.5112981703125 0.5397811984375 0.5121757437500001 0.5686684890625 0.6969596359375 0.6069965328125
0 0.71352554375 0.753171996875 0.7086175734375 0.795041340625 0.70361941875 0.8559114984375 0.7243801265625 0.89329595625 0.7319481531250001 0.8926338406250001 0.7763783046875 0.86441530625 0.7992779703124999 0.8280990265625 0.78957286875 0.7302907234375 0.77799126875 0.6855920531249999 0.6960120265625 0.6699771484375 0.71352554375 0.753171996875
0 0.309943171875 0.6616551046875 0.3101534796875 0.6637745875000001 0.33657987500000003 0.688327196875 0.43155354843750005 0.6286989265625 0.40837967500000005 0.5971105015625 0.38512164375 0.5967319265625 0.3630651015625 0.5986616234375 0.309943171875 0.6616551046875
0 0.4796077703125 0.65276681875 0.5282660203125 0.6661637578125 0.611494721875 0.6588821890625 0.6524768734374999 0.653865059375 0.652323903125 0.649548590625 0.649171290625 0.617776465625 0.5763230078125 0.614924290625 0.509233671875 0.652153928125 0.4796077703125 0.65276681875
0 0.15234029375 0.4188732296875 0.11490804531250001 0.4413411015625 0.11483243437499999 0.4425217375 0.1171346421875 0.465723453125 0.121078828125 0.46537838125000003 0.129666903125 0.46437423593749994 0.17444466875 0.45509536562499997 0.2538341625 0.4140596109375 0.2194163203125 0.39688452343749997 0.20715856718749998 0.3979569390625 0.15234029375 0.4188732296875
0 0.40914407812500003 0.8036343109375 0.3683981390625 0.7545120468750001 0.33618499218750003 0.767284734375 0.336592 0.7713865796875 0.34870413437500003 0.8366569625 0.38197670625 0.8905002890624999 0.3994269171875 0.8917804578125 0.41983380156249994 0.8899950875 0.415811490625 0.8611782375000001 0.40914407812500003 0.8036343109375
0 0.20965735937500002 0.333967428125 0.20973559375 0.33475587500000004 0.2456051125 0.3480029078125 0.31476529375 0.31316198125 0.3146922765625 0.3124261234375 0.274030528125 0.3006946734375 0.2641304984375 0.3015608140625 0.20965735937500002 0.333967428125
0 0.17258747808590083 0.2780485046181484 0.09336733187624864 0.09800685598499985
0 0.5481554312953424 0.11595329698347326 0.05621370614288725 0.05138613421305545
0 0.6060152065167965 0.15108086121527892 0.0512161257333613 0.047851031102777684
0 0.48370039839527923 0.022300333270047212 0.04872338450478395 0.03833933006601843
0 0.5248971674048472 0.08804291046134358 0.08089152778099055 0.06593664976444429
0 0.6559558333429715 0.12228262648384383 0.07214878655241304 0.055878144580648034
0 0.5975424360405057 0.023333027379583832 0.15445987208101145 0.046666054759167665
0 0.531230736483414 0.10739496055588002 0.22183647296682807 0.21478992111176004
0 0.31694935675270786 0.48606747323254673 0.07214878655241304 0.055878144580648124
0 0.5682671984931925 0.4774765573510658 0.10228930921433096 0.07865126324231468
0 0.38338473504560566 0.5440857333173155 0.027611487576227577 0.05972631451462966
0 0.08209555556198098 0.11875 0.16419111112396195 0.2375
0 0.4744412610148784 0.8899457459939821 0.09463184941909368 0.07953025805851865
0 0.2720694993100102 0.7405881693683337 0.1255717690095679 0.07913927879370349
0 0.3733676114978713 0.3637147281335191 0.09667156798575345 0.06886616013203692
0 0.2402367489361009 0.5865547802543059 0.07196955044290831 0.0852922425071295
0 0.9894868604050577 0.8745321743157888 0.021026279189884534 0.08001827360990746
0 0.6668030647362272 0.7478191601785197 0.1476842617048682 0.17710788708777764
0 0.9358868750144573 0.5251274966061128 0.12822624997108534 0.15648232026407385
