0 0.6094253858659646 0.21127591289711853 0.2510383332590248 0.153856271085903
0 0.9216247630792843 0.3920960339067716 0.15675047384143143 0.11860844889756965
0 0.9314743901588486 0.8769788737625355 0.13705121968230288 0.18379703780340292
0 0.8618362144754255 0.890221796540209 0.1818769385174896 0.16159472948277767
0 0.8851809429218361 0.14135049828757018 0.13571395604570533 0.19168096656500005
0 0.9205854297979668 0.2228011732494452 0.1588291404040664 0.19455269984750015
0 0.9371528376187863 0.46733242324944524 0.12569432476242745 0.09313567021222244
0 0.488241556743776 0.5566760658231601 0.12398335959593361 0.10883209897381967
0 0.6079202718879773 0.097504353626563 0.11666333325902478 0.15072865824437506
0 0.6517305041591286 0.46699923603538246 0.18796278062979255 0.14771406743868062
0 0.39765524997770746 0.05365951538631978 0.13906049995541495 0.09204464247680566
0 0.44407331566393154 0.26040047786725734 0.15638446485439825 0.11893445079743063
0 0.37022742098927386 0.1348179431979864 0.11814475433746888 0.09934799620027786
0 0.6206099689020643 0.7946247818194794 0.5449741840016806 0.41075043636104136
0 0.8950592630124067 0.6850271098948271 0.20988147397518658 0.17409603590354195
0 0.20939069272120334 0.5252571859797918 0.14813287712414933 0.1405548776591667
0 0.40915130222796686 0.8134689668493404 0.2113725876410788 0.1607232137152085
0 0.6774692146537655 0.5306987133339589 0.17886271047234442 0.111667464665139
0 0.4388349559565353 0.3763521329775003 0.12406643856207467 0.07144120174736121
0 0.42285379337468887 0.9714412017473613 0.15298653505643145 0.05711759650527739
0 0.6790140218879772 0.09915907902527835 0.2091534560902904 0.10458231648875019
0 0.3337707543597614 0.05996276035232666 0.1175415087195228 0.10712412860909733
