0 0.31320337306941975 0.21078521776592657 0.47801704160583236 0.2838621923661102
0 0.7870541606002182 0.09624904509863492 0.26533656311310966 0.19249809019726985
0 0.7364134208633691 0.2662589274733348 0.30900003204704235 0.28757507832259205
0 0.12236905088800791 0.6248264683315744 0.24473810177601582 0.2533955679549994
0 0.03835294834489004 0.8609874352025464 0.07670589668978008 0.19990012959490713
0 0.3182782033381583 0.6882568154095842 0.3335888040448074 0.4084343824696292
0 0.7346687937189155 0.19919289835032467 0.39137246035611833 0.39838579670064933
0 0.21043562187457096 0.21746373619203752 0.2533705822306894 0.18558335136685145
0 0.4425426892765879 0.16632373534356573 0.1951394378678657 0.13732221715379592
0 0.3383278128364953 0.25329534651236185 0.2884419498163531 0.1223601814328699
