0 0.4225556784280179 0.7986463413460912 0.13105300542706697 0.15538861485312835
0 0.840058518205824 0.5210807401187465 0.2179665072360894 0.21071358576539315
0 0.4404059147447496 0.08703825908385576 0.15226626413349412 0.17407651816771152
0 0.4669983129811558 0.21781092952738038 0.14380531094499088 0.13153652667183913
0 0.4019697772509356 0.31569019119631003 0.14701219810012062 0.1333541181871082
0 0.48585677634642443 0.33295769740522785 0.14306168249628842 0.1470339809142045
0 0.4140459741078608 0.4415033921046955 0.14791295680654795 0.1505416181871082
0 0.19874520070211246 0.4380747295370787 0.1344236668924562 0.16033120636839743
0 0.16295935040885673 0.7498253015075104 0.1546542797373264 0.1604268012176462
0 0.2603190292871005 0.7029825102918037 0.1511198439616777 0.1523592097023773
0 0.7574185950933314 0.19799366860735682 0.033958920171816585 0.02455346091032524
0 0.833096946518241 0.2828313120891782 0.15283947421940242 0.18517170970237729
0 0.5179876871344451 0.7737423230092018 0.140025213703953 0.11878143515657022
0 0.39973008932758025 0.5959198251352337 0.1598264586155702 0.19974439273291544
0 0.5583171952750454 0.5534139764929629 0.18129866689245625 0.16415757909743328
0 0.8939658474681806 0.3385394360261623 0.16550324852966192 0.1893170757634536
0 0.10949459294562484 0.5231509733281609 0.12711577792830414 0.10994856909549373
0 0.29664827566905594 0.7964775477144885 0.14380531094499088 0.13153652667183913
0 0.566424023632891 0.39872647649296294 0.16961753844375363 0.17876221303635714
0 0.7113713534610744 0.40867594815413383 0.1417448439616777 0.15159393515657005
0 0.6611898897571216 0.5201235022467181 0.15680327792830404 0.1123719384905499
0 0.5858689009499397 0.03831397453610888 0.1902708751693421 0.07662794907221776
0 0.3073333859119343 0.22150936968492027 0.15679663387576942 0.14193189273291545
0 0.2021955065587207 0.2386486854464341 0.15786116689245616 0.16224439273291544
0 0.17355485018171407 0.3250006446897694 0.18812852103089917 0.14604530788560605
0 0.14080654794315045 0.43035769544837377 0.2246325870642727 0.18947631455356592
