0 0.70859375 0.05859375 0.128125 0.1171875
0 0.20703125 0.3 0.14375 0.1328125
0 0.29609375 0.275 0.1046875 0.13125
0 0.359375 0.33359375 0.09609375 0.103125
0 0.23671875 0.490625 0.071875 0.1078125
0 0.290625 0.515625 0.07421875 0.06796875
0 0.26015625 0.6203125 0.125 0.1625
0 0.28671875 0.59140625 0.08515625 0.121875
0 0.54453125 0.559375 0.2515625 0.1265625
0 0.4671875 0.6875 0.1234375 0.18203125
0 0.61796875 0.8546875 0.084375 0.2296875
0 0.546875 0.7203125 0.30078125 0.4953125
0 0.78984375 0.8796875 0.0828125 0.1125
0 0.26484375 0.29921875 0.28828125 0.1828125
0 0.26875 0.57578125 0.14609375 0.309375
