0 0.8075185570217591 0.4071924374773359 0.38496288595648165 0.3445097926358601
0 0.3231924262025908 0.9494978878660916 0.2723424746466664 0.10100422426781677
0 0.4481952603211098 0.7344778911654497 0.2889817534403699 0.25949676322765053
0 0.619563120924258 0.6936603577045456 0.15663814514629593 0.23320183234903044
0 0.3722631451462959 0.255864933078192 0.12304510367592565 0.16774577573218333
0 0.49512586376069423 0.14724995200821595 0.1433767275213885 0.2054897547758122
0 0.5030754158349982 0.9476678187447117 0.11257649538185159 0.10466436251057658
0 0.7252347968905076 0.892864953657895 0.1327919590952776 0.10220052940820956
0 0.6134469878424984 0.9402986819784062 0.1129674746466666 0.11940263604318772
0 0.21148607224384125 0.7274022726060501 0.12661987153638865 0.12012940257019658
0 0.28004412525958255 0.44046290734600857 0.1609552067862034 0.17637468455464625
0 0.15825801668268458 0.34019320551101745 0.21964670160240712 0.17480274852354577
0 0.4668599115461565 0.5142826626717139 0.15654110885972194 0.17900700845183834
0 0.6088239446751845 0.42934916064536655 0.21257649538185158 0.16477084705313522
0 0.19275732167819337 0.575264983819441 0.20697175287472205 0.10070834705313522
0 0.12826134354467422 0.89453125 0.11845463996249964 0.2109375
0 0.6081684167299528 0.5368754457559495 0.14033105702175916 0.09989665624622254
