0 0.3334090530973755 0.8834181821818495 0.1467622280005602 0.15269320551101728
0 0.4237719697268879 0.8006597130665133 0.11416927186568468 0.13847119815896497
0 0.2645452810756431 0.7094316161866028 0.103287157843112 0.11265007132095199
0 0.854806272133195 0.3111635121580833 0.11573177186568451 0.1386354235265676
0 0.4347083158868569 0.1463311046086312 0.1015328069667012 0.11092334595334932
0 0.02962026757280083 0.15683186580993452 0.05924053514560166 0.09785091617451527
0 0.1182723728535581 0.07933804448898259 0.0925692017082365 0.10072721911533619
0 0.1624347676173859 0.12790697004189747 0.07908225433746888 0.10393669080691263
0 0.3565546228758506 0.09825013714297395 0.10169696485439834 0.12482162058574668
0 0.42315172372996884 0.052045966365871256 0.0976127104723444 0.10409193273174251
0 0.4768512763369087 0.016195297065222797 0.07327134206771788 0.032390594130445594
0 0.016495329099896254 0.6583169711416834 0.03299065819979251 0.12054704301252847
0 0.04937506152709543 0.5439729742678165 0.09875012305419086 0.13394792352656779
0 0.024689530808132774 0.4699113726120939 0.04937906161626555 0.1111720430125283
0 0.22359581157168051 0.308101300191356 0.09158225433746896 0.10525049374773357
0 0.4288321712344917 0.3135209636164063 0.08396160521387959 0.10599186690972048
0 0.5087382150773236 0.27196228328767924 0.07831485083182574 0.09768669080691268
0 0.5896095134359648 0.48632987023929725 0.11063287712414933 0.14735352205615726
0 0.6316663948529979 0.16264603218789325 0.1077828069667012 0.1115802474237598
0 0.5599842457517012 0.2125943603110046 0.07949364907900414 0.09472591617451531
0 0.08920396501044606 0.1841874108488101 0.0847567017082365 0.09990609227732312
0 0.039297890404066387 0.2566301226120939 0.07859578080813277 0.11026644448293883
0 0.8322954872328111 0.682918881644044 0.11751381573080906 0.12802637426177288
0 0.8549685837940457 0.8185748847701773 0.08209648238261416 0.15360824007170742
0 0.30129857040266594 0.4163807535028015 0.08864910521387967 0.10648454301252848
0 0.7747776098857365 0.3851241290678038 0.06992679820259333 0.09217806396889952
0 0.9176839737522613 0.04493047096845869 0.11151105258464752 0.08986094193691738
