0 0.6390608733351076 0.9303152556573409 0.14921127329435624 0.1393694886853183
0 0.5510281210473321 0.8589907432625047 0.11039848252898032 0.12869769262201594
0 0.7134737762055197 0.7506202279408025 0.1002521322794232 0.1036522408266178
0 0.13323756655530358 0.4068045119038567 0.1054192512477857 0.12554542154477702
0 0.5595665222543665 0.19768105942108755 0.0917103040764367 0.09579428903121974
0 0.969459528702101 0.1665280708339649 0.061080942595798146 0.09100679508134397
0 0.8789915056155406 0.09803208000734707 0.08302261023285276 0.08637383723582166
0 0.8332426202161483 0.1516428933372595 0.07623116971703396 0.09726588544042354
0 0.6393986763725643 0.1411452339909267 0.09146059484181243 0.10984769867214013
0 0.5741581399749432 0.09469695998682162 0.09443972920121517 0.10830337939029935
0 0.5219071222961278 0.04520095403489328 0.07262655074867155 0.07538179508134393
0 0.974464617096179 0.6710383088319123 0.051070765807642006 0.1160704275949012
0 0.9424802352323478 0.5606502546753822 0.10498165432599364 0.12085792154477701
0 0.9715460927618331 0.48201217026823084 0.05690781447633384 0.09726588544042354
0 0.7665173627284241 0.3402145139469601 0.08687693843583925 0.09420451795398091
0 0.5604762614388772 0.3663447010098312 0.08760626663882576 0.10201701795398091
0 0.48155890016603475 0.3323100685944697 0.07564770715464456 0.09101588544042354
0 0.3940427352323478 0.5574595386384363 0.11639877329435624 0.14278746369925485
0 0.36150479762870225 0.23400840309981685 0.10479376663882593 0.10211701190385672
0 0.4319223527451285 0.27736349336070065 0.07379347587345002 0.08788179508134401
0 0.9050248878949638 0.2012525287776831 0.07521011023285276 0.08632838544042354
0 0.9580386713809166 0.2687309202682308 0.08392265723816691 0.09891019867214013
0 0.1447348874783621 0.7808869065176625 0.11435665432599373 0.12091246369925486
0 0.11716486231182235 0.9204943071815924 0.07621137021614821 0.1472386143631848
0 0.6853427185935219 0.4576469327612626 0.08575203535763123 0.09888292759490121
0 0.21131185628068977 0.47362891842151916 0.07081434151404728 0.08942611436318479
0 0.07831531073196697 0.13631929508134394 0.11900213227942322 0.1037613251355732
