0 0.4594403734375 0.6173077234375001 0.5173496671875 0.5852518984375 0.518541365625 0.5763991234375 0.51059824375 0.5318327890625001 0.43308450781249996 0.396573815625 0.3323838703125 0.40715787812500004 0.28909082656249996 0.4748204578125 0.25782420781250004 0.6093614484375001 0.2610749078125 0.7366623578125 0.299332425 0.8138515078124999 0.365728934375 0.807228728125 0.4594403734375 0.6173077234375001
0 0 0.9843112171874999 0.0744437625 0.9764868625 0.13129511875 0.9278227250000001 0.198520475 0.8397516359375 0.243505284375 0.6207888546875 0.20432389374999999 0.5567149390624999 0.047496346875 0.5523901453125 0 0.5920229734375 0 0.9843112171874999
0 0.4249986859375 0.66037949375 0.38980981406250004 0.7404110203125 0.384489184375 0.943899775 0.5342060421875 0.9281639 0.6042988203124999 0.9005549437499999 0.615789903125 0.8151910640625 0.6128544796875001 0.7896241015625 0.586929415625 0.6797268765625 0.5075934625 0.6443888109375 0.4249986859375 0.66037949375
0 0.323527853125 0.2399692171875 0.3066359125 0.3654544875 0.3532319328125 0.39726469375 0.35887280312500003 0.39667181406249996 0.5618441078124999 0.2646909046875 0.5668792765624999 0.10760876718750001 0.4243038828125 0.1591177875 0.323527853125 0.2399692171875
0 0.6417809734375 0.1643859078125 0.674749475 0.257477190625 0.7420691703125 0.325588390625 0.7444481281249999 0.3253383515625 0.7803342078125 0.2121064203125 0.642096209375 0.162044109375 0.6417809734375 0.1643859078125
0 0.6651401203125 0 0.6495817265625 0.057316875 0.7194050171875 0.24770297812500003 0.7712231046875 0.3220570625 0.7922751015625 0.23868857656250003 0.8418626 0.14127576875 0.9079130234375 0.08692835625 0.9107615859375 0.0657672234375 0.9017074359375 0 0.6651401203125 0
0 0.1265854546875 0 0.1125161125 0.035386362500000004 0.087981115625 0.15555177343749998 0.11256480937499999 0.23011866718750001 0.17841409375 0.2575965296875 0.2498971515625 0.26866865624999997 0.3624019453125 0.1776834921875 0.4152959890625 0.015975821874999997 0.416062903125 0.0102786453125 0.3723298625 0 0.1265854546875 0
0 0.5670211421875 0.6644160859375 0.6176191625 0.631900675 0.69438511875 0.557057259375 0.719353978125 0.47464755 0.7033762453125 0.3908714859375 0.6572088578125 0.3637750375 0.518657971875 0.3783373234375 0.4877628546875 0.415977278125 0.486012259375 0.42898193124999995 0.5041289546875001 0.4994031484375 0.502957475 0.57985964375 0.4991138359375 0.6061740999999999 0.5670211421875 0.6644160859375
0 0.14853236718750001 0.49863461875 0.248735353125 0.562287040625 0.25431818906250003 0.5617002609374999 0.3766194859375 0.3958283375 0.21411781875 0.2909052703125 0.1557831890625 0.4447704015625 0.14853236718750001 0.49863461875
0 0.05665830625 0 0.05665435 0.000008225 0.01391811875 0.13205593437500002 0 0.1794980453125 0 0.3346164265625 0.0052686406249999995 0.3345769515625 0.051253150000000004 0.40288870625 0.109203584375 0.471549803125 0.1519614734375 0.393058896875 0.16472815937500002 0.2982189421875 0.158601215625 0.2832237203125 0.099586925 0.1973262640625 0.1413891203125 0.0401080453125 0.10815208437499998 0.0022696171875 0.10514647343750001 0 0.05665830625 0
