0 0.30859375 0.86171875 0.321875 0.2765625
0 0.2875 0.1578125 0.334375 0.3
0 0.134375 0.25234375 0.0546875 0.14375
0 0.121875 0.39296875 0.059375 0.1421875
0 0.3046875 0.4 0.3203125 0.259375
0 0.26015625 0.63671875 0.35 0.265625
0 0.5640625 0.2171875 0.3078125 0.25625
0 0.56640625 0.43125 0.2890625 0.225
0 0.56953125 0.6484375 0.2859375 0.2375
0 0.57265625 0.86015625 0.28125 0.2359375
0 0.80546875 0.278125 0.2140625 0.2109375
0 0.79921875 0.4625 0.2359375 0.2015625
0 0.80625 0.65625 0.2421875 0.2046875
0 0.8015625 0.84140625 0.2296875 0.203125