0 0.06484375 0.646875 0.1296875 0.20625
0 0.4375 0.76640625 0.2875 0.1484375
0 0.39921875 0.63125 0.2171875 0.096875
0 0.40546875 0.4578125 0.31875 0.24375
0 0.4625 0.2375 0.253125 0.253125
0 0.546875 0.0625 0.253125 0.125
0 0.80078125 0.09609375 0.2921875 0.1921875
0 0.48671875 0.725 0.1234375 0.15625
0 0.57890625 0.5859375 0.1859375 0.11875
0 0.625 0.51015625 0.1671875 0.1296875
0 0.65625 0.3328125 0.209375 0.10625
0 0.696875 0.2203125 0.2625 0.190625
0 0.85703125 0.28125 0.20625 0.15625
0 0.75703125 0.42890625 0.18125 0.1421875
0 0.7484375 0.553125 0.1390625 0.125
0 0.7609375 0.6984375 0.30625 0.31875
0 0.80234375 0.76875 0.3 0.309375