0 0.06328125 0.64375 0.1265625 0.2125
0 0.43828125 0.7484375 0.290625 0.159375
0 0.39375 0.61484375 0.21875 0.10625
0 0.3921875 0.44140625 0.3234375 0.25625
0 0.4390625 0.21875 0.259375 0.2640625
0 0.51484375 0.05390625 0.25625 0.1078125
0 0.7703125 0.0828125 0.296875 0.165625
0 0.4859375 0.7046875 0.1265625 0.1609375
0 0.57109375 0.56171875 0.1890625 0.1265625
0 0.6140625 0.484375 0.1703125 0.1359375
0 0.63671875 0.30625 0.2109375 0.1140625
0 0.671875 0.1921875 0.2671875 0.2015625
0 0.83515625 0.24609375 0.209375 0.1640625
0 0.74140625 0.39765625 0.184375 0.15
0 0.7390625 0.52265625 0.1421875 0.13125
0 0.75859375 0.6671875 0.3140625 0.33125
0 0.803125 0.7359375 0.3078125 0.321875