0 0.1390625 0.7890625 0.165625 0.2828125
0 0.4484375 0.84609375 0.1453125 0.2765625
0 0.3109375 0.77109375 0.2296875 0.340625
0 0.82578125 0.63828125 0.1953125 0.3203125
0 0.71640625 0.7546875 0.209375 0.3328125
0 0.56875 0.82265625 0.209375 0.309375
0 0.925 0.39140625 0.1390625 0.4453125
0 0.81328125 0.33984375 0.146875 0.3
0 0.690625 0.3515625 0.171875 0.4203125
0 0.49609375 0.23046875 0.23125 0.1765625
0 0.30703125 0.20625 0.1671875 0.2296875
0 0.09296875 0.26015625 0.1859375 0.2328125
0 0.05703125 0.51796875 0.1140625 0.3359375
0 0.55703125 0.5796875 0.2 0.190625
0 0.52734375 0.3890625 0.16875 0.203125
0 0.41328125 0.49375 0.178125 0.3109375
0 0.28984375 0.46640625 0.1953125 0.3046875
0 0.16484375 0.50703125 0.1859375 0.309375