0 0.83671875 0.21484375 0.1640625 0.2796875
0 0.52265625 0.16484375 0.14375 0.2734375
0 0.66640625 0.23671875 0.228125 0.3359375
0 0.1625 0.38125 0.19375 0.315625
0 0.26328125 0.2625 0.20625 0.328125
0 0.40546875 0.19140625 0.2078125 0.3046875
0 0.08203125 0.63046875 0.1359375 0.4421875
0 0.196875 0.6796875 0.1453125 0.296875
0 0.31953125 0.66484375 0.16875 0.4171875
0 0.52265625 0.78125 0.23125 0.171875
0 0.71328125 0.80078125 0.165625 0.2265625
0 0.91484375 0.7421875 0.1703125 0.228125
0 0.94140625 0.48359375 0.1171875 0.3328125
0 0.434375 0.43359375 0.1984375 0.1859375
0 0.47890625 0.6234375 0.1671875 0.2
0 0.58515625 0.51640625 0.1765625 0.3078125
0 0.71015625 0.540625 0.19375 0.3
0 0.83203125 0.49765625 0.184375 0.3046875