0 0.87265625 0.8734375 0.2546875 0.184375
0 0.871875 0.38203125 0.2515625 0.184375
0 0.87265625 0.709375 0.253125 0.2015625
0 0.62421875 0.0765625 0.2609375 0.153125
0 0.6296875 0.225 0.2609375 0.1875
0 0.62421875 0.3921875 0.253125 0.184375
0 0.63203125 0.54765625 0.2546875 0.1828125
0 0.62890625 0.71171875 0.2625 0.1984375
0 0.6359375 0.88671875 0.26875 0.1796875
0 0.378125 0.08671875 0.275 0.1734375
0 0.38984375 0.2375 0.3 0.1796875
0 0.3765625 0.4046875 0.2703125 0.1828125
0 0.38125 0.56328125 0.26875 0.171875
0 0.37578125 0.72734375 0.26875 0.1796875
0 0.378125 0.89765625 0.275 0.18125
0 0.134375 0.09140625 0.26875 0.1828125
0 0.14453125 0.25234375 0.28125 0.190625
0 0.140625 0.4109375 0.28125 0.175
0 0.13984375 0.5765625 0.2796875 0.16875
0 0.134375 0.7375 0.2640625 0.165625
0 0.13828125 0.9078125 0.2765625 0.184375