0 0.1265625 0.87265625 0.184375 0.2546875
0 0.61796875 0.871875 0.184375 0.2515625
0 0.290625 0.87265625 0.2015625 0.253125
0 0.9234375 0.62421875 0.153125 0.2609375
0 0.775 0.6296875 0.1875 0.2609375
0 0.6078125 0.62421875 0.184375 0.253125
0 0.45234375 0.63203125 0.1828125 0.2546875
0 0.28828125 0.62890625 0.1984375 0.2625
0 0.11328125 0.6359375 0.1796875 0.26875
0 0.91328125 0.378125 0.1734375 0.275
0 0.7625 0.38984375 0.1796875 0.3
0 0.5953125 0.3765625 0.1828125 0.2703125
0 0.43671875 0.38125 0.171875 0.26875
0 0.27265625 0.37578125 0.1796875 0.26875
0 0.10234375 0.378125 0.18125 0.275
0 0.90859375 0.134375 0.1828125 0.26875
0 0.74765625 0.14453125 0.190625 0.28125
0 0.5890625 0.140625 0.175 0.28125
0 0.4234375 0.13984375 0.16875 0.2796875
0 0.2625 0.134375 0.165625 0.2640625
0 0.0921875 0.13828125 0.184375 0.2765625