0 0.5109375 0.57578125 0.328125 0.14375
0 0.7953125 0.2359375 0.3328125 0.290625
0 0.52734375 0.084375 0.2890625 0.1421875
0 0.1578125 0.1140625 0.2140625 0.1125
0 0.3046875 0.41171875 0.3046875 0.1765625
0 0.11484375 0.265625 0.1515625 0.2015625
0 0.4265625 0.24375 0.375 0.2578125
0 0.10859375 0.6 0.2171875 0.115625
0 0.81484375 0.740625 0.334375 0.31875
0 0.3984375 0.75078125 0.4359375 0.3171875
0 0.0625 0.78515625 0.125 0.2078125
0 0.26484375 0.91875 0.3609375 0.153125
0 0.75078125 0.91875 0.2765625 0.103125