0 0.34296875 0.153125 0.1109375 0.2703125
0 0.6609375 0.15 0.1046875 0.2578125
0 0.55859375 0.146875 0.1078125 0.2796875
0 0.453125 0.15 0.109375 0.275
0 0.7484375 0.39140625 0.1078125 0.2640625
0 0.65234375 0.403125 0.103125 0.2703125
0 0.5578125 0.41171875 0.1109375 0.2703125
0 0.45234375 0.415625 0.1265625 0.28125
0 0.3484375 0.41953125 0.1125 0.275
0 0.24296875 0.40546875 0.1125 0.28125
0 0.15 0.39375 0.103125 0.26875
0 0.878125 0.63125 0.1125 0.275
0 0.78125 0.6390625 0.1 0.2734375
0 0.68828125 0.65078125 0.10625 0.2734375
0 0.59296875 0.66640625 0.1078125 0.275
0 0.496875 0.67109375 0.103125 0.2765625
0 0.390625 0.67578125 0.1171875 0.2578125
0 0.29296875 0.66953125 0.103125 0.2703125
0 0.19609375 0.66015625 0.10625 0.265625
0 0.1078125 0.63515625 0.0890625 0.275