0 0.83515625 0.37734375 0.271875 0.121875
0 0.84375 0.6953125 0.259375 0.1140625
0 0.8453125 0.59296875 0.28125 0.11875
0 0.840625 0.4875 0.278125 0.1203125
0 0.60390625 0.7734375 0.265625 0.1171875
0 0.590625 0.6765625 0.271875 0.1140625
0 0.58046875 0.58203125 0.271875 0.121875
0 0.575 0.47578125 0.2828125 0.1375
0 0.56875 0.371875 0.278125 0.1234375
0 0.58125 0.2671875 0.2828125 0.1234375
0 0.59140625 0.175 0.2703125 0.1140625
0 0.36640625 0.89296875 0.278125 0.1234375
0 0.35703125 0.79609375 0.275 0.1109375
0 0.34375 0.70234375 0.275 0.1171875
0 0.3265625 0.60625 0.2765625 0.11875
0 0.3203125 0.51015625 0.278125 0.1140625
0 0.31328125 0.40390625 0.259375 0.128125
0 0.31796875 0.30625 0.271875 0.1140625
0 0.32578125 0.21015625 0.2671875 0.115625
0 0.34921875 0.12265625 0.275 0.1