0 0.153125 0.65703125 0.2703125 0.1109375
0 0.15 0.3390625 0.2578125 0.1046875
0 0.146875 0.44140625 0.2796875 0.1078125
0 0.15 0.546875 0.275 0.109375
0 0.39140625 0.2515625 0.2640625 0.1078125
0 0.403125 0.34765625 0.2703125 0.103125
0 0.41171875 0.4421875 0.2703125 0.1109375
0 0.415625 0.54765625 0.28125 0.1265625
0 0.41953125 0.6515625 0.275 0.1125
0 0.40546875 0.75703125 0.28125 0.1125
0 0.39375 0.85 0.26875 0.103125
0 0.63125 0.121875 0.275 0.1125
0 0.6390625 0.21875 0.2734375 0.1
0 0.65078125 0.31171875 0.2734375 0.10625
0 0.66640625 0.40703125 0.275 0.1078125
0 0.67109375 0.503125 0.2765625 0.103125
0 0.67578125 0.609375 0.2578125 0.1171875
0 0.66953125 0.70703125 0.2703125 0.103125
0 0.66015625 0.80390625 0.265625 0.10625
0 0.63515625 0.8921875 0.275 0.0890625