0 0.8390625 0.70625 0.2734375 0.1265625
0 0.834375 0.38828125 0.2609375 0.11875
0 0.83984375 0.49140625 0.28125 0.1234375
0 0.83984375 0.59609375 0.278125 0.125
0 0.59140625 0.28671875 0.2671875 0.121875
0 0.58203125 0.38203125 0.2734375 0.11875
0 0.575 0.4765625 0.2734375 0.1265625
0 0.57421875 0.58203125 0.2828125 0.1421875
0 0.57265625 0.68515625 0.278125 0.128125
0 0.5890625 0.79140625 0.2828125 0.128125
0 0.603125 0.88515625 0.271875 0.11875
0 0.3484375 0.14296875 0.278125 0.128125
0 0.34296875 0.23984375 0.275 0.115625
0 0.3328125 0.33203125 0.275 0.121875
0 0.31953125 0.4265625 0.2765625 0.1234375
0 0.3171875 0.52265625 0.278125 0.11875
0 0.31484375 0.628125 0.2609375 0.1328125
0 0.3234375 0.7265625 0.2734375 0.11875
0 0.33515625 0.8234375 0.26875 0.1203125
0 0.3625 0.91328125 0.2765625 0.1046875