0 0.82734375 0.28125 0.3171875 0.1765625
0 0.82109375 0.52109375 0.321875 0.178125
0 0.81796875 0.76328125 0.3171875 0.1796875
0 0.5265625 0.20390625 0.31875 0.16875
0 0.52890625 0.3671875 0.3125 0.1703125
0 0.52265625 0.52578125 0.3109375 0.175
0 0.51484375 0.68828125 0.3109375 0.1640625
0 0.509375 0.85078125 0.315625 0.1734375
0 0.225 0.13984375 0.3171875 0.18125
0 0.22265625 0.2984375 0.309375 0.165625
0 0.21328125 0.45703125 0.321875 0.1703125
0 0.20859375 0.609375 0.328125 0.1640625
0 0.19609375 0.7640625 0.3265625 0.165625
0 0.19375 0.9203125 0.3296875 0.159375