0 0.83671875 0.7234375 0.3109375 0.1671875
0 0.8390625 0.48359375 0.315625 0.16875
0 0.84453125 0.24140625 0.3109375 0.1703125
0 0.53359375 0.809375 0.3125 0.1609375
0 0.54140625 0.64609375 0.30625 0.1609375
0 0.540625 0.4875 0.3046875 0.165625
0 0.53828125 0.325 0.30625 0.1546875
0 0.53828125 0.1625 0.309375 0.165625
0 0.22890625 0.8828125 0.3109375 0.171875
0 0.23203125 0.72421875 0.3046875 0.15625
0 0.228125 0.565625 0.315625 0.1625
0 0.22890625 0.41328125 0.321875 0.1546875
0 0.221875 0.25859375 0.321875 0.1578125
0 0.225 0.096875 0.325 0.1625