0 0.87578125 0.0953125 0.2484375 0.190625
0 0.8609375 0.41953125 0.24375 0.440625
0 0.82578125 0.81796875 0.2390625 0.3640625
0 0.965625 0.70859375 0.06875 0.4140625
0 0.64375 0.2703125 0.2359375 0.4421875
0 0.60703125 0.7234375 0.2453125 0.43125
0 0.39765625 0.853125 0.2453125 0.29375
0 0.1828125 0.93515625 0.2328125 0.1296875
0 0.06328125 0.79140625 0.1265625 0.4171875
0 0.07734375 0.37734375 0.1546875 0.453125
0 0.225 0.65 0.24375 0.4703125
0 0.4296875 0.446875 0.2421875 0.459375
0 0.4609375 0.12109375 0.23125 0.2421875
0 0.24453125 0.215625 0.2421875 0.43125