0 0.19296875 0.503125 0.1546875 0.3203125
0 0.1515625 0.8328125 0.125 0.290625
0 0.26640625 0.8375 0.109375 0.278125
0 0.83515625 0.1953125 0.1546875 0.26875
0 0.7796875 0.24140625 0.1828125 0.296875
0 0.59765625 0.22890625 0.1953125 0.2796875
0 0.51171875 0.18046875 0.184375 0.3078125
0 0.94609375 0.7140625 0.1078125 0.265625
0 0.90078125 0.75234375 0.13125 0.2796875
0 0.82265625 0.63203125 0.1125 0.075
0 0.7625 0.8296875 0.1828125 0.2984375
0 0.77421875 0.66796875 0.1328125 0.0703125
0 0.5953125 0.82109375 0.1734375 0.3140625
0 0.6453125 0.6796875 0.14375 0.10625
0 0.70390625 0.5734375 0.1375 0.1984375
0 0.571875 0.56796875 0.1421875 0.18125
0 0.48984375 0.753125 0.1609375 0.2765625
0 0.45 0.690625 0.1390625 0.246875