0 0.87421875 0.12421875 0.2 0.2484375
0 0.55078125 0.1390625 0.4484375 0.24375
0 0.16953125 0.17421875 0.3390625 0.2390625
0 0.2578125 0.034375 0.4171875 0.06875
0 0.70703125 0.35625 0.45 0.2359375
0 0.25546875 0.39296875 0.4390625 0.2453125
0 0.1421875 0.60234375 0.284375 0.2453125
0 0.0640625 0.8171875 0.128125 0.2328125
0 0.20859375 0.93671875 0.4171875 0.1265625
0 0.6203125 0.92265625 0.4578125 0.1546875
0 0.3421875 0.775 0.478125 0.24375
0 0.53828125 0.5703125 0.4671875 0.2421875
0 0.8625 0.5390625 0.25 0.23125
0 0.77578125 0.75546875 0.4390625 0.2421875