0 0.17734375 0.49609375 0.159375 0.31875
0 0.140625 0.83203125 0.128125 0.290625
0 0.25390625 0.83984375 0.11875 0.2765625
0 0.83125 0.19921875 0.159375 0.2703125
0 0.775 0.24140625 0.1859375 0.296875
0 0.5953125 0.23359375 0.2109375 0.296875
0 0.5015625 0.1859375 0.165625 0.3234375
0 0.6671875 0.08359375 0.13125 0.0890625
0 0.9359375 0.7171875 0.1125 0.259375
0 0.8890625 0.7515625 0.128125 0.2734375
0 0.809375 0.63359375 0.115625 0.0859375
0 0.7671875 0.68203125 0.15 0.0859375
0 0.74375 0.83359375 0.1734375 0.2984375
0 0.58359375 0.821875 0.1703125 0.3015625
0 0.69140625 0.575 0.1390625 0.18125
0 0.628125 0.68203125 0.1359375 0.109375
0 0.5640625 0.578125 0.1546875 0.2015625
0 0.47734375 0.75234375 0.1640625 0.2875
0 0.43671875 0.69609375 0.1375 0.2609375