0 0.50390625 0.17734375 0.31875 0.159375
0 0.16796875 0.140625 0.290625 0.128125
0 0.16015625 0.25390625 0.2765625 0.11875
0 0.80078125 0.83125 0.2703125 0.159375
0 0.75859375 0.775 0.296875 0.1859375
0 0.76640625 0.5953125 0.296875 0.2109375
0 0.8140625 0.5015625 0.3234375 0.165625
0 0.91640625 0.6671875 0.0890625 0.13125
0 0.2828125 0.9359375 0.259375 0.1125
0 0.2484375 0.8890625 0.2734375 0.128125
0 0.36640625 0.809375 0.0859375 0.115625
0 0.31796875 0.7671875 0.0859375 0.15
0 0.16640625 0.74375 0.2984375 0.1734375
0 0.178125 0.58359375 0.3015625 0.1703125
0 0.425 0.69140625 0.18125 0.1390625
0 0.31796875 0.628125 0.109375 0.1359375
0 0.421875 0.5640625 0.2015625 0.1546875
0 0.24765625 0.47734375 0.2875 0.1640625
0 0.30390625 0.43671875 0.2609375 0.1375