0 0.165625 0.48671875 0.1515625 0.3109375
0 0.12109375 0.825 0.121875 0.284375
0 0.234375 0.8265625 0.1125 0.2703125
0 0.828125 0.15078125 0.153125 0.2625
0 0.7703125 0.196875 0.1796875 0.2875
0 0.590625 0.19921875 0.2046875 0.2859375
0 0.49765625 0.15703125 0.159375 0.3140625
0 0.66640625 0.04453125 0.1296875 0.0828125
0 0.9203125 0.66328125 0.1078125 0.2546875
0 0.87265625 0.70078125 0.121875 0.265625
0 0.7953125 0.5875 0.1140625 0.0796875
0 0.75234375 0.63828125 0.1484375 0.078125
0 0.725 0.79140625 0.1671875 0.2890625
0 0.56484375 0.7890625 0.1640625 0.2921875
0 0.67890625 0.53515625 0.1359375 0.1734375
0 0.61328125 0.64609375 0.134375 0.103125
0 0.5515625 0.54609375 0.15 0.1921875
0 0.46015625 0.72578125 0.1578125 0.278125
0 0.42109375 0.671875 0.1328125 0.2546875