0 0.4875 0.17421875 0.3109375 0.15625
0 0.82578125 0.12421875 0.284375 0.1265625
0 0.828125 0.2375 0.2703125 0.1171875
0 0.15546875 0.84296875 0.2625 0.1578125
0 0.2015625 0.784375 0.2875 0.184375
0 0.20234375 0.6046875 0.2859375 0.209375
0 0.16015625 0.5125 0.315625 0.1640625
0 0.0484375 0.6828125 0.0828125 0.13125
0 0.66875 0.9265625 0.2546875 0.1109375
0 0.70546875 0.878125 0.265625 0.1265625
0 0.5921875 0.80234375 0.0796875 0.1140625
0 0.64296875 0.75859375 0.078125 0.15
0 0.7953125 0.72890625 0.290625 0.171875
0 0.7921875 0.56875 0.29375 0.16875
0 0.5390625 0.68671875 0.175 0.1375
0 0.65 0.61953125 0.103125 0.1359375
0 0.54921875 0.559375 0.19375 0.153125
0 0.728125 0.46484375 0.2796875 0.1625
0 0.67421875 0.4265625 0.2546875 0.1359375